# t_decimal_year  t_day  magnitude
0.000000000000000000e+00 0.000000000000000000e+00 6.799999999999999822e+00
7.478542287607274588e-06 2.731481481481399902e-03 4.599999999999999645e+00
1.223185306362895779e-05 4.467592592592499641e-03 4.400000000000000355e+00
1.790413725634831590e-05 6.539351851851799707e-03 5.099999999999999645e+00
3.641036054432629954e-05 1.329861111111109787e-02 4.400000000000000355e+00
5.073367034940484791e-05 1.853009259259250086e-02 4.299999999999999822e+00
5.428280906216773858e-05 1.982638888888879972e-02 3.200000000000000178e+00
5.653270949615145938e-05 2.064814814814809954e-02 3.600000000000000089e+00
5.669115318868559638e-05 2.070601851851849862e-02 3.899999999999999911e+00
6.071562297905063377e-05 2.217592592592590103e-02 4.299999999999999822e+00
6.797234409711028105e-05 2.482638888888880069e-02 3.399999999999999911e+00
7.323267468924097852e-05 2.674768518518510010e-02 4.200000000000000178e+00
1.036538636557799272e-04 3.785879629629620297e-02 3.899999999999999911e+00
1.061572739978181615e-04 3.877314814814809829e-02 3.899999999999999911e+00
1.082804194777746187e-04 3.954861111111109689e-02 3.399999999999999911e+00
1.118929356675509989e-04 4.086805555555549779e-02 3.600000000000000089e+00
1.432647867892942138e-04 5.232638888888879042e-02 2.899999999999999911e+00
1.445640250680736683e-04 5.280092592592589701e-02 3.000000000000000000e+00
1.472575678411526556e-04 5.378472222222219906e-02 3.399999999999999911e+00
1.562571695770869967e-04 5.707175925925919713e-02 3.799999999999999822e+00
1.625632285399426216e-04 5.937499999999999722e-02 2.899999999999999911e+00
1.661123672527055394e-04 6.067129629629630649e-02 3.700000000000000178e+00
1.702952807356044088e-04 6.219907407407399696e-02 3.899999999999999911e+00
1.732106446782310225e-04 6.326388888888880013e-02 3.100000000000000089e+00
1.826222000147542852e-04 6.670138888888889339e-02 3.200000000000000178e+00
1.902274972563888496e-04 6.947916666666660579e-02 3.200000000000000178e+00
1.919386891357566564e-04 7.010416666666660634e-02 2.700000000000000178e+00
1.942519670467538666e-04 7.094907407407399780e-02 3.100000000000000089e+00
1.978011057595167302e-04 7.224537037037029319e-02 3.600000000000000089e+00
2.047092507540017856e-04 7.476851851851849806e-02 2.899999999999999911e+00
2.068640849724648725e-04 7.555555555555550085e-02 2.700000000000000178e+00
2.195712691136962548e-04 8.019675925925920379e-02 3.000000000000000000e+00
2.232154740419794948e-04 8.152777777777769908e-02 2.799999999999999822e+00
2.313911685767368331e-04 8.451388888888880513e-02 3.299999999999999822e+00
2.329756055020776339e-04 8.509259259259259467e-02 2.899999999999999911e+00
2.349719960280065702e-04 8.582175925925919491e-02 2.799999999999999822e+00
2.369366978154289040e-04 8.653935185185179790e-02 2.799999999999999822e+00
2.410245450828077494e-04 8.803240740740740644e-02 3.500000000000000000e+00
2.435596441633525861e-04 8.895833333333330595e-02 2.899999999999999911e+00
2.478693126002789494e-04 9.053240740740738091e-02 2.700000000000000178e+00
2.485030873704152264e-04 9.076388888888888007e-02 3.200000000000000178e+00
2.520839148216847737e-04 9.207175925925920046e-02 3.299999999999999822e+00
2.553478548878862367e-04 9.326388888888878514e-02 3.700000000000000178e+00
2.704316944171286305e-04 9.877314814814810995e-02 3.799999999999999822e+00
2.828853686503054587e-04 1.033217592592591966e-01 2.899999999999999911e+00
2.871633483487250299e-04 1.048842592592592049e-01 2.899999999999999911e+00
2.964164599927141420e-04 1.082638888888888956e-01 3.700000000000000178e+00
3.054160617286484831e-04 1.115509259259259006e-01 3.799999999999999822e+00
3.097257301655749278e-04 1.131250000000000033e-01 3.299999999999999822e+00
3.183450670394274919e-04 1.162731481481480977e-01 3.500000000000000000e+00
3.377702637441028785e-04 1.233680555555554947e-01 2.500000000000000000e+00
3.387209258993071855e-04 1.237152777777777019e-01 2.899999999999999911e+00
3.403370515631546430e-04 1.243055555555555164e-01 3.100000000000000089e+00
3.543434739831651274e-04 1.294212962962962010e-01 2.600000000000000089e+00
3.605227779919935294e-04 1.316782407407406930e-01 2.500000000000000000e+00
3.801697958662165967e-04 1.388541666666666119e-01 2.799999999999999822e+00
3.863807886135518180e-04 1.411226851851851982e-01 2.899999999999999911e+00
3.908172120045052145e-04 1.427430555555554981e-01 3.100000000000000089e+00
3.974084696139219960e-04 1.451504629629629117e-01 3.100000000000000089e+00
4.045067470394477773e-04 1.477430555555555025e-01 3.399999999999999911e+00
4.139183023759707689e-04 1.511805555555555125e-01 3.100000000000000089e+00
4.166118451490497020e-04 1.521643518518517868e-01 3.200000000000000178e+00
4.259283342700523442e-04 1.555671296296295969e-01 2.600000000000000089e+00
4.396495580435017805e-04 1.605787037037036957e-01 2.799999999999999822e+00
4.441493589114689782e-04 1.622222222222222121e-01 3.000000000000000000e+00
4.454169084517412068e-04 1.626851851851850994e-01 3.399999999999999911e+00
4.537510466790326685e-04 1.657291666666665941e-01 3.000000000000000000e+00
4.675673366680024542e-04 1.707754629629628929e-01 3.399999999999999911e+00
4.810350505333973905e-04 1.756944444444444031e-01 2.500000000000000000e+00
4.923796189188358154e-04 1.798379629629628940e-01 2.799999999999999822e+00
4.975448832954461635e-04 1.817245370370370039e-01 3.500000000000000000e+00
5.102837561751843651e-04 1.863773148148147873e-01 2.600000000000000089e+00
5.172235899081760501e-04 1.889120370370369895e-01 2.500000000000000000e+00
5.323708069144318655e-04 1.944444444444443920e-01 2.500000000000000000e+00
5.372191839059739125e-04 1.962152777777776691e-01 2.700000000000000178e+00
5.389620645238486470e-04 1.968518518518518057e-01 3.100000000000000089e+00
5.469159378890583317e-04 1.997569444444443898e-01 2.799999999999999822e+00
5.473278914896469822e-04 1.999074074074073948e-01 3.500000000000000000e+00
5.551233211623225706e-04 2.027546296296296180e-01 3.899999999999999911e+00
5.628236846194778096e-04 2.055671296296296413e-01 2.899999999999999911e+00
5.661826909011995678e-04 2.067939814814813981e-01 3.100000000000000089e+00
5.662460683782133148e-04 2.068171296296295869e-01 3.200000000000000178e+00
5.730274584186709035e-04 2.092939814814814004e-01 2.799999999999999822e+00
5.754358025451887342e-04 2.101736111111111027e-01 2.799999999999999822e+00
5.777807691946928179e-04 2.110300925925925886e-01 3.299999999999999822e+00
5.838650069880005995e-04 2.132523148148148251e-01 2.899999999999999911e+00
5.871923245312158637e-04 2.144675925925926263e-01 3.000000000000000000e+00
5.901393772123492967e-04 2.155439814814814892e-01 3.100000000000000089e+00
6.074097396985613526e-04 2.218518518518518001e-01 3.100000000000000089e+00
6.090892428394222317e-04 2.224652777777776924e-01 3.399999999999999911e+00
6.282292408975365160e-04 2.294560185185184897e-01 2.700000000000000178e+00
6.384963921737434652e-04 2.332060185185184931e-01 2.799999999999999822e+00
6.565906618611327137e-04 2.398148148148147585e-01 2.899999999999999911e+00
6.566223505996394245e-04 2.398263888888887974e-01 2.899999999999999911e+00
6.676817203385167470e-04 2.438657407407407163e-01 2.600000000000000089e+00
6.830507585143201889e-04 2.494791666666665853e-01 3.799999999999999822e+00
6.900222809858188016e-04 2.520254629629629095e-01 2.700000000000000178e+00
6.930010224054590539e-04 2.531134259259258945e-01 2.700000000000000178e+00
7.266227739611860574e-04 2.653935185185185008e-01 3.100000000000000089e+00
7.404390639501558973e-04 2.704398148148148273e-01 2.600000000000000089e+00
7.439882026629187880e-04 2.717361111111111227e-01 3.399999999999999911e+00
7.510864800884445693e-04 2.743287037037037135e-01 3.200000000000000178e+00
7.673744916809456616e-04 2.802777777777777923e-01 3.100000000000000089e+00
7.759621398162915148e-04 2.834143518518518756e-01 2.899999999999999911e+00
7.773881330490979482e-04 2.839351851851851793e-01 4.400000000000000355e+00
7.858173374919099220e-04 2.870138888888889017e-01 3.000000000000000000e+00
7.892397212506454271e-04 2.882638888888888751e-01 2.600000000000000089e+00
7.918698865467106674e-04 2.892245370370369884e-01 2.500000000000000000e+00
7.981759455095662923e-04 2.915277777777777746e-01 2.500000000000000000e+00
8.018518391763564601e-04 2.928703703703703920e-01 2.600000000000000089e+00
8.147491557486285412e-04 2.975810185185184809e-01 2.799999999999999822e+00
8.257134592719852974e-04 3.015856481481480889e-01 2.899999999999999911e+00
8.542650126666223023e-04 3.120138888888888129e-01 2.500000000000000000e+00
8.617435549542299148e-04 3.147453703703703143e-01 2.899999999999999911e+00
8.831968309233413552e-04 3.225810185185185031e-01 2.799999999999999822e+00
8.905169295184146546e-04 3.252546296296295880e-01 2.899999999999999911e+00
9.015129217802782301e-04 3.292708333333332904e-01 2.500000000000000000e+00
9.181495094963543343e-04 3.353472222222221855e-01 2.500000000000000000e+00
9.226809991028284055e-04 3.370023148148147962e-01 2.799999999999999822e+00
9.435005003018035689e-04 3.446064814814814858e-01 3.299999999999999822e+00
9.495847380951113505e-04 3.468287037037037224e-01 3.000000000000000000e+00
9.551302673338034213e-04 3.488541666666666874e-01 2.700000000000000178e+00
9.612145051271108777e-04 3.510763888888888129e-01 3.000000000000000000e+00
9.724006298200154772e-04 3.551620370370370261e-01 2.500000000000000000e+00
9.907800981539662075e-04 3.618750000000000022e-01 2.600000000000000089e+00
9.930933760649634720e-04 3.627199074074074492e-01 2.600000000000000089e+00
9.963890048696718085e-04 3.639236111111111005e-01 2.799999999999999822e+00
9.988290377346963501e-04 3.648148148148148140e-01 3.299999999999999822e+00
1.001490891769268301e-03 3.657870370370369661e-01 3.100000000000000089e+00
1.004564699404429011e-03 3.669097222222221788e-01 2.700000000000000178e+00
1.013532612401856804e-03 3.701851851851851727e-01 2.600000000000000089e+00
1.019806982626205285e-03 3.724768518518518090e-01 2.899999999999999911e+00
1.033940160000243426e-03 3.776388888888889128e-01 2.700000000000000178e+00
1.040024397793550990e-03 3.798611111111110383e-01 3.399999999999999911e+00
1.042654563089616447e-03 3.808217592592592626e-01 2.500000000000000000e+00
1.045189662170161555e-03 3.817476851851852593e-01 2.700000000000000178e+00
1.050893635101387289e-03 3.838310185185184742e-01 3.299999999999999822e+00
1.059512971975239961e-03 3.869791666666665964e-01 2.899999999999999911e+00
1.069082971004297212e-03 3.904745370370370505e-01 2.600000000000000089e+00
1.081346512806433124e-03 3.949537037037036402e-01 2.600000000000000089e+00
1.084230188010552919e-03 3.960069444444443976e-01 2.700000000000000178e+00
1.085402671335304907e-03 3.964351851851851127e-01 2.600000000000000089e+00
1.087811015461822737e-03 3.973148148148147873e-01 2.500000000000000000e+00
1.087811015461822737e-03 3.973148148148147873e-01 2.500000000000000000e+00
1.094022008209157796e-03 3.995833333333333459e-01 3.399999999999999911e+00
1.101342106804230987e-03 4.022569444444443199e-01 2.700000000000000178e+00
1.110943794571794948e-03 4.057638888888888129e-01 2.500000000000000000e+00
1.119404687753113850e-03 4.088541666666666852e-01 3.100000000000000089e+00
1.121052502155467801e-03 4.094560185185184831e-01 2.799999999999999822e+00
1.123365780066465066e-03 4.103009259259258745e-01 2.700000000000000178e+00
1.136579984023805556e-03 4.151273148148147962e-01 2.799999999999999822e+00
1.139938990305527748e-03 4.163541666666667473e-01 3.299999999999999822e+00
1.155181273527304021e-03 4.219212962962963220e-01 2.500000000000000000e+00
1.172641768444556993e-03 4.282986111111111160e-01 3.299999999999999822e+00
1.177109880574017100e-03 4.299305555555554270e-01 2.500000000000000000e+00
1.178314052637276016e-03 4.303703703703702921e-01 2.600000000000000089e+00
1.182370211166148231e-03 4.318518518518519311e-01 2.600000000000000089e+00
1.189341733637646519e-03 4.343981481481481444e-01 2.500000000000000000e+00
1.189975508407782687e-03 4.346296296296295880e-01 2.700000000000000178e+00
1.191306435425068880e-03 4.351157407407407196e-01 2.700000000000000178e+00
1.196218189893624674e-03 4.369097222222222410e-01 2.600000000000000089e+00
1.215326499213232030e-03 4.438888888888888884e-01 2.700000000000000178e+00
1.225371829319891028e-03 4.475578703703703143e-01 3.100000000000000089e+00
1.235195338257002616e-03 4.511458333333333015e-01 2.799999999999999822e+00
1.256838746657154863e-03 4.590509259259258901e-01 2.500000000000000000e+00
1.259880865553808862e-03 4.601620370370370638e-01 2.799999999999999822e+00
1.268722023597209161e-03 4.633912037037036802e-01 2.700000000000000178e+00
1.270401526738070041e-03 4.640046296296295725e-01 3.299999999999999822e+00
1.272334539786985691e-03 4.647106481481481088e-01 3.200000000000000178e+00
1.276042122192282786e-03 4.660648148148148762e-01 2.500000000000000000e+00
1.287164869408173422e-03 4.701273148148147896e-01 3.500000000000000000e+00
1.290840763074963590e-03 4.714699074074074070e-01 2.799999999999999822e+00
1.293724438279083384e-03 4.725231481481481088e-01 3.200000000000000178e+00
1.298160861670036997e-03 4.741435185185184920e-01 2.700000000000000178e+00
1.303199371092620068e-03 4.759837962962962798e-01 2.600000000000000089e+00
1.313022880029731439e-03 4.795717592592592116e-01 2.600000000000000089e+00
1.313054568768238367e-03 4.795833333333333059e-01 2.600000000000000089e+00
1.319455693946614341e-03 4.819212962962963198e-01 2.500000000000000000e+00
1.344711618536542901e-03 4.911458333333332815e-01 2.500000000000000000e+00
1.348577644634373768e-03 4.925578703703702432e-01 2.500000000000000000e+00
1.354883703597229393e-03 4.948611111111110850e-01 2.700000000000000178e+00
1.354915392335736320e-03 4.948726851851851793e-01 2.700000000000000178e+00
1.373453304362220930e-03 5.016435185185185164e-01 3.500000000000000000e+00
1.399501447414820080e-03 5.111574074074074492e-01 2.500000000000000000e+00
1.415155684237184679e-03 5.168749999999999734e-01 3.899999999999999911e+00
1.419528730151124870e-03 5.184722222222222232e-01 3.200000000000000178e+00
1.426943894961718627e-03 5.211805555555555358e-01 2.500000000000000000e+00
1.438510284516704950e-03 5.254050925925926041e-01 2.500000000000000000e+00
1.439556012887429444e-03 5.257870370370369972e-01 2.600000000000000089e+00
1.452611773152235946e-03 5.305555555555555580e-01 2.799999999999999822e+00
1.457555216359298451e-03 5.323611111111110628e-01 2.700000000000000178e+00
1.480909816638818505e-03 5.408912037037036935e-01 3.700000000000000178e+00
1.498909020110687513e-03 5.474652777777777590e-01 2.600000000000000089e+00
1.504961569165488584e-03 5.496759259259259567e-01 2.799999999999999822e+00
1.509619813725989607e-03 5.513773148148147785e-01 3.200000000000000178e+00
1.523784679838534458e-03 5.565509259259259212e-01 2.799999999999999822e+00
1.531706864465237107e-03 5.594444444444444109e-01 3.000000000000000000e+00
1.555219908437291583e-03 5.680324074074074581e-01 3.200000000000000178e+00
1.559529576874217919e-03 5.696064814814815191e-01 2.899999999999999911e+00
1.569955171842958748e-03 5.734143518518518556e-01 2.500000000000000000e+00
1.599489076131306716e-03 5.842013888888888395e-01 3.700000000000000178e+00
1.614414471968015231e-03 5.896527777777778034e-01 2.500000000000000000e+00
1.621164173269965892e-03 5.921180555555555225e-01 2.600000000000000089e+00
1.627438543494314589e-03 5.944097222222222143e-01 2.899999999999999911e+00
1.629973642574859480e-03 5.953356481481481000e-01 3.700000000000000178e+00
1.648669998293878078e-03 6.021643518518517979e-01 2.500000000000000000e+00
1.653518375285420450e-03 6.039351851851851860e-01 2.600000000000000089e+00
1.658144931107414762e-03 6.056249999999999689e-01 3.600000000000000089e+00
1.666352314380678892e-03 6.086226851851851416e-01 2.500000000000000000e+00
1.674971651254531782e-03 6.117708333333333748e-01 2.799999999999999822e+00
1.691132907893005488e-03 6.176736111111110761e-01 2.600000000000000089e+00
1.700037443413419426e-03 6.209259259259258812e-01 2.799999999999999822e+00
1.709924329827544652e-03 6.245370370370370017e-01 2.799999999999999822e+00
1.729919923825342732e-03 6.318402777777777368e-01 2.700000000000000178e+00
1.739204724207838500e-03 6.352314814814814525e-01 2.700000000000000178e+00
1.742658796705081042e-03 6.364930555555555758e-01 2.500000000000000000e+00
1.752640749334726617e-03 6.401388888888889239e-01 3.000000000000000000e+00
1.759960847929800025e-03 6.428125000000000089e-01 2.799999999999999822e+00
1.760943198823511314e-03 6.431712962962963243e-01 2.700000000000000178e+00
1.784709752703619911e-03 6.518518518518519045e-01 2.799999999999999822e+00
1.810029054770562109e-03 6.610995370370370550e-01 2.500000000000000000e+00
1.823496768635957154e-03 6.660185185185185652e-01 2.500000000000000000e+00
1.883705371798898584e-03 6.880092592592592649e-01 3.600000000000000089e+00
1.887349576727181824e-03 6.893402777777777324e-01 3.000000000000000000e+00
1.888680503744468234e-03 6.898263888888889195e-01 3.100000000000000089e+00
1.913524474733808035e-03 6.989004629629629317e-01 3.500000000000000000e+00
1.923252917455399490e-03 7.024537037037037468e-01 2.500000000000000000e+00
1.938558578154189402e-03 7.080439814814815103e-01 2.600000000000000089e+00
1.948794040691889315e-03 7.117824074074073915e-01 2.600000000000000089e+00
1.953927616329992952e-03 7.136574074074074625e-01 3.100000000000000089e+00
1.961247714925066360e-03 7.163310185185185475e-01 2.899999999999999911e+00
1.967902350011496455e-03 7.187615740740740389e-01 2.799999999999999822e+00
1.993316718293959653e-03 7.280439814814815280e-01 2.700000000000000178e+00
2.091710251357608869e-03 7.639814814814814836e-01 2.600000000000000089e+00
2.131511306922163895e-03 7.785185185185184986e-01 2.700000000000000178e+00
2.142190411798959495e-03 7.824189814814814792e-01 2.500000000000000000e+00
2.143838226201313663e-03 7.830208333333332771e-01 4.000000000000000000e+00
2.169474415653324054e-03 7.923842592592592604e-01 2.500000000000000000e+00
2.181801334932473822e-03 7.968865740740740389e-01 3.000000000000000000e+00
2.194318386642664289e-03 8.014583333333332726e-01 2.700000000000000178e+00
2.201416664068190070e-03 8.040509259259259744e-01 2.899999999999999911e+00
2.208356497801181647e-03 8.065856481481481488e-01 2.600000000000000089e+00
2.229239376477170666e-03 8.142129629629629717e-01 2.700000000000000178e+00
2.293567515645997951e-03 8.377083333333333881e-01 3.200000000000000178e+00
2.352318436837625912e-03 8.591666666666666341e-01 2.600000000000000089e+00
2.416202933667357944e-03 8.824999999999999512e-01 2.600000000000000089e+00
2.417597238161657558e-03 8.830092592592592160e-01 3.000000000000000000e+00
2.425963065127455676e-03 8.860648148148146941e-01 2.500000000000000000e+00
2.467507001309885654e-03 9.012384259259259567e-01 2.600000000000000089e+00
2.480055741758583048e-03 9.058217592592593403e-01 2.899999999999999911e+00
2.566977951482766942e-03 9.375694444444445663e-01 2.799999999999999822e+00
2.602057385009806656e-03 9.503819444444443487e-01 2.799999999999999822e+00
2.628675925355528336e-03 9.601041666666665364e-01 2.600000000000000089e+00
2.629721653726253480e-03 9.604861111111111516e-01 3.299999999999999822e+00
2.657956319735822401e-03 9.707986111111110983e-01 2.500000000000000000e+00
2.684448105127516804e-03 9.804745370370370194e-01 3.000000000000000000e+00
2.686856449254034201e-03 9.813541666666666385e-01 2.600000000000000089e+00
2.692306912277205814e-03 9.833449074074073204e-01 3.100000000000000089e+00
2.736195815109139767e-03 9.993750000000000133e-01 2.700000000000000178e+00
2.747255184848017198e-03 1.003414351851851904e+00 2.500000000000000000e+00
2.781352267481346490e-03 1.015868055555555705e+00 3.600000000000000089e+00
2.791777862450086668e-03 1.019675925925925819e+00 3.100000000000000089e+00
2.803534384436113473e-03 1.023969907407407121e+00 2.600000000000000089e+00
2.810252396999558290e-03 1.026423611111111134e+00 3.299999999999999822e+00
2.810886171769694242e-03 1.026655092592592577e+00 4.200000000000000178e+00
2.814878952821552385e-03 1.028113425925925917e+00 3.000000000000000000e+00
2.838803950394195186e-03 1.036851851851851913e+00 2.500000000000000000e+00
2.858102392144843025e-03 1.043900462962962905e+00 2.500000000000000000e+00
2.872552456903949576e-03 1.049178240740740842e+00 2.500000000000000000e+00
2.877337456418477442e-03 1.050925925925925819e+00 2.500000000000000000e+00
2.891312190099981378e-03 1.056030092592592506e+00 2.600000000000000089e+00
2.892674805855774064e-03 1.056527777777777510e+00 2.899999999999999911e+00
2.906491095844744230e-03 1.061574074074074003e+00 3.000000000000000000e+00
3.003680456845134964e-03 1.097071759259259149e+00 3.000000000000000000e+00
3.022757077426236044e-03 1.104039351851852091e+00 3.399999999999999911e+00
3.026432971093025344e-03 1.105381944444444375e+00 3.299999999999999822e+00
3.046808829952905254e-03 1.112824074074074021e+00 3.100000000000000089e+00
3.053685286208883843e-03 1.115335648148148229e+00 4.299999999999999822e+00
3.059516014094136854e-03 1.117465277777777821e+00 2.600000000000000089e+00
3.065568563148937924e-03 1.119675925925925908e+00 2.899999999999999911e+00
3.068515615830071357e-03 1.120752314814814854e+00 2.600000000000000089e+00
3.091743461155563918e-03 1.129236111111111107e+00 3.000000000000000000e+00
3.091743461155563918e-03 1.129236111111111107e+00 3.000000000000000000e+00
3.095482732299367941e-03 1.130601851851851913e+00 2.799999999999999822e+00
3.096243262023530736e-03 1.130879629629629513e+00 3.100000000000000089e+00
3.113735445679290635e-03 1.137268518518518290e+00 2.799999999999999822e+00
3.133540907246048016e-03 1.144502314814814792e+00 3.000000000000000000e+00
3.156230044016925407e-03 1.152789351851851940e+00 2.700000000000000178e+00
3.159905937683715575e-03 1.154131944444444446e+00 2.500000000000000000e+00
3.162187526856205695e-03 1.154965277777777688e+00 3.000000000000000000e+00
3.171535704715715102e-03 1.158379629629629592e+00 2.500000000000000000e+00
3.196664874351616819e-03 1.167557870370370399e+00 2.500000000000000000e+00
3.218435037705796344e-03 1.175509259259259309e+00 3.000000000000000000e+00
3.231173910585534003e-03 1.180162037037036926e+00 2.959999999999999964e+00
3.237416592071376206e-03 1.182442129629629690e+00 2.549999999999999822e+00
3.241979770416357313e-03 1.184108796296296395e+00 2.700000000000000178e+00
3.271228476058144017e-03 1.194791666666666696e+00 2.669999999999999929e+00
3.303297479427036876e-03 1.206504629629629566e+00 2.529999999999999805e+00
3.351464361957390455e-03 1.224097222222222170e+00 3.060000000000000053e+00
3.386068464406828422e-03 1.236736111111111036e+00 2.689999999999999947e+00
3.387652901332169168e-03 1.237314814814814756e+00 3.419999999999999929e+00
3.393293496786381480e-03 1.239374999999999893e+00 2.970000000000000195e+00
3.398648893594032744e-03 1.241331018518518459e+00 3.140000000000000124e+00
3.429196837514598712e-03 1.252488425925925908e+00 4.049999999999999822e+00
3.436104982509084228e-03 1.255011574074074154e+00 2.509999999999999787e+00
3.464022761133584306e-03 1.265208333333333268e+00 2.549999999999999822e+00
3.528129079132864398e-03 1.288622685185185190e+00 3.240000000000000213e+00
3.546952189805910056e-03 1.295497685185185155e+00 2.720000000000000195e+00
3.551990699228492910e-03 1.297337962962962887e+00 2.509999999999999787e+00
3.564634505892711087e-03 1.301956018518518610e+00 2.520000000000000018e+00
3.567708313527870930e-03 1.303078703703703489e+00 2.839999999999999858e+00
3.579876789114487361e-03 1.307523148148148184e+00 2.600000000000000089e+00
3.590555893991282527e-03 1.311423611111111054e+00 2.569999999999999840e+00
3.606495329460209041e-03 1.317245370370370372e+00 2.990000000000000213e+00
3.612104236175915292e-03 1.319293981481481692e+00 2.500000000000000000e+00
3.615463242457636617e-03 1.320520833333333366e+00 2.640000000000000124e+00
3.617332878029538411e-03 1.321203703703703658e+00 2.790000000000000036e+00
3.659162012858529003e-03 1.336481481481481381e+00 2.759999999999999787e+00
3.666133535330027941e-03 1.339027777777777706e+00 3.209999999999999964e+00
3.667274329916273001e-03 1.339444444444444438e+00 3.020000000000000018e+00
3.678872408209766035e-03 1.343680555555555545e+00 2.810000000000000053e+00
3.685336910865155430e-03 1.346041666666666581e+00 2.740000000000000213e+00
3.688347341023302719e-03 1.347141203703703605e+00 2.500000000000000000e+00
3.748714387878778354e-03 1.369189814814814721e+00 2.819999999999999840e+00
3.773051339052009481e-03 1.378078703703703667e+00 2.830000000000000071e+00
3.791557562339987596e-03 1.384837962962963021e+00 2.549999999999999822e+00
3.804486567650766388e-03 1.389560185185185093e+00 2.689999999999999947e+00
3.814024877941317362e-03 1.393043981481481675e+00 2.830000000000000071e+00
3.818461301332270325e-03 1.394664351851851780e+00 2.520000000000000018e+00
3.839470934962286187e-03 1.402337962962962870e+00 3.500000000000000000e+00
3.842259543950885849e-03 1.403356481481481399e+00 2.549999999999999822e+00
3.866850005032171529e-03 1.412337962962962878e+00 2.660000000000000142e+00
3.887035731461010307e-03 1.419710648148148069e+00 2.680000000000000160e+00
3.954786254388572772e-03 1.444456018518518237e+00 2.890000000000000124e+00
3.963152081354371324e-03 1.447511574074074048e+00 2.560000000000000053e+00
3.978742940699722501e-03 1.453206018518518494e+00 2.910000000000000142e+00
3.984003271291853415e-03 1.455127314814814721e+00 2.939999999999999947e+00
3.984890555970043921e-03 1.455451388888888697e+00 2.819999999999999840e+00
3.986918635234480354e-03 1.456192129629629628e+00 2.569999999999999840e+00
4.002763004487886085e-03 1.461979166666666829e+00 3.009999999999999787e+00
4.010685189114588517e-03 1.464872685185185208e+00 2.830000000000000071e+00
4.017529956632059744e-03 1.467372685185185155e+00 2.629999999999999893e+00
4.034641875425738246e-03 1.473622685185185244e+00 2.879999999999999893e+00
4.054288893299961422e-03 1.480798611111111107e+00 2.779999999999999805e+00
4.108888589747197034e-03 1.500740740740740709e+00 2.649999999999999911e+00
4.137788719265409268e-03 1.511296296296296360e+00 2.790000000000000036e+00
4.207757453888448865e-03 1.536851851851851913e+00 3.319999999999999840e+00
4.225566524929277173e-03 1.543356481481481524e+00 2.529999999999999805e+00
4.248921125208797445e-03 1.551886574074074154e+00 3.040000000000000036e+00
4.262959236367314803e-03 1.557013888888888919e+00 2.560000000000000053e+00
4.265684467878900175e-03 1.558009259259259149e+00 2.669999999999999929e+00
4.270406089916415487e-03 1.559733796296296493e+00 2.750000000000000000e+00
4.273765096198136812e-03 1.560960648148147945e+00 2.500000000000000000e+00
4.289039068158420447e-03 1.566539351851852002e+00 2.720000000000000195e+00
4.309224794587259225e-03 1.573912037037036971e+00 2.600000000000000089e+00
4.324783965194103907e-03 1.579594907407407600e+00 2.560000000000000053e+00
4.362683696448250645e-03 1.593437500000000284e+00 2.879999999999999893e+00
4.377799224715999207e-03 1.598958333333333259e+00 2.509999999999999787e+00
4.428152630203322122e-03 1.617349537037036988e+00 3.060000000000000053e+00
4.471502824480640473e-03 1.633182870370370354e+00 3.250000000000000000e+00
4.474228055992226713e-03 1.634178240740740806e+00 2.740000000000000213e+00
4.474861830762362665e-03 1.634409722222222250e+00 2.520000000000000018e+00
4.498913583289031876e-03 1.643194444444444180e+00 2.569999999999999840e+00
4.517483184054023847e-03 1.649976851851851833e+00 2.500000000000000000e+00
4.520588680427691484e-03 1.651111111111111196e+00 2.910000000000000142e+00
4.527972156499778314e-03 1.653807870370370248e+00 2.839999999999999858e+00
4.530031924502721241e-03 1.654560185185185217e+00 3.120000000000000107e+00
4.555794868908759343e-03 1.663969907407407467e+00 3.100000000000000089e+00
4.567614768371799569e-03 1.668287037037037068e+00 2.669999999999999929e+00
4.574617979581805001e-03 1.670844907407407431e+00 3.310000000000000053e+00
4.604246950085673536e-03 1.681666666666666643e+00 3.770000000000000018e+00
4.625351649931210181e-03 1.689375000000000071e+00 2.839999999999999858e+00
4.628330391350850108e-03 1.690462962962962834e+00 2.709999999999999964e+00
4.634478006621171528e-03 1.692708333333333259e+00 2.660000000000000142e+00
4.705270648445387775e-03 1.718564814814814490e+00 3.330000000000000071e+00
4.741617631512700694e-03 1.731840277777777715e+00 2.879999999999999893e+00
4.759204881383980942e-03 1.738263888888888609e+00 4.240000000000000213e+00
4.778915276735217973e-03 1.745462962962962994e+00 2.680000000000000160e+00
4.825466033601724311e-03 1.762465277777777839e+00 2.549999999999999822e+00
4.835796562354944574e-03 1.766238425925925837e+00 2.609999999999999876e+00
4.843687058243140511e-03 1.769120370370370177e+00 2.720000000000000195e+00
4.851165600530747690e-03 1.771851851851851567e+00 2.819999999999999840e+00
4.859119473895957483e-03 1.774756944444444207e+00 2.509999999999999787e+00
4.879115067893755563e-03 1.782060185185184942e+00 2.740000000000000213e+00
4.941827081398735173e-03 1.804965277777777599e+00 2.580000000000000071e+00
4.995190917044205377e-03 1.824456018518518130e+00 3.160000000000000142e+00
5.002257505731224664e-03 1.827037037037036793e+00 2.759999999999999787e+00
5.015376643473045890e-03 1.831828703703703987e+00 2.569999999999999840e+00
5.086264351512782486e-03 1.857719907407407556e+00 2.700000000000000178e+00
5.106323322987594421e-03 1.865046296296296591e+00 2.549999999999999822e+00
5.133100307025849872e-03 1.874826388888888973e+00 2.830000000000000071e+00
5.143494213256083990e-03 1.878622685185185270e+00 2.759999999999999787e+00
5.144223054241740291e-03 1.878888888888888831e+00 2.879999999999999893e+00
5.147391928092421784e-03 1.880046296296296493e+00 2.569999999999999840e+00
5.202910597956355264e-03 1.900324074074074110e+00 2.729999999999999982e+00
5.227405992822119728e-03 1.909270833333333028e+00 2.709999999999999964e+00
5.264703638044637007e-03 1.922893518518518308e+00 2.500000000000000000e+00
5.272879332579394861e-03 1.925879629629629664e+00 2.770000000000000018e+00
5.291797509467961735e-03 1.932789351851851967e+00 2.529999999999999805e+00
5.344115616742706361e-03 1.951898148148147882e+00 2.850000000000000089e+00
5.348108397794564504e-03 1.953356481481481222e+00 3.600000000000000089e+00
5.373712898508068402e-03 1.962708333333333277e+00 3.120000000000000107e+00
5.386705281295862784e-03 1.967453703703704093e+00 3.169999999999999929e+00
5.420136900420547896e-03 1.979664351851851967e+00 2.830000000000000071e+00
5.422767065716612919e-03 1.980625000000000080e+00 2.680000000000000160e+00
5.496665203914496804e-03 2.007615740740740673e+00 2.899999999999999911e+00
5.510069540302878210e-03 2.012511574074073994e+00 2.549999999999999822e+00
5.580355162310986217e-03 2.038182870370370381e+00 2.629999999999999893e+00
5.613279761619563088e-03 2.050208333333333410e+00 2.520000000000000018e+00
5.636095653344467757e-03 2.058541666666666714e+00 3.529999999999999805e+00
5.638060355131891202e-03 2.059259259259259789e+00 2.819999999999999840e+00
5.660591048210233088e-03 2.067488425925926077e+00 3.149999999999999911e+00
5.669210385084085327e-03 2.070636574074073977e+00 3.000000000000000000e+00
5.674755914322778157e-03 2.072662037037037219e+00 2.529999999999999805e+00
5.680554953469524673e-03 2.074780092592592773e+00 2.549999999999999822e+00
5.680998595808619926e-03 2.074942129629629761e+00 2.839999999999999858e+00
5.707965712277916076e-03 2.084791666666666821e+00 2.740000000000000213e+00
5.714588658625839243e-03 2.087210648148148273e+00 3.250000000000000000e+00
5.800940471056900173e-03 2.118749999999999911e+00 2.899999999999999911e+00
5.818749542097728482e-03 2.125254629629629743e+00 2.660000000000000142e+00
5.838681758618512706e-03 2.132534722222222179e+00 2.609999999999999876e+00
5.890049203738053837e-03 2.151296296296296262e+00 2.560000000000000053e+00
5.905101354528789412e-03 2.156793981481481381e+00 2.649999999999999911e+00
5.910361685120919459e-03 2.158715277777777608e+00 3.270000000000000018e+00
5.950194429423983147e-03 2.173263888888889106e+00 2.709999999999999964e+00
5.963567077073856325e-03 2.178148148148148167e+00 2.669999999999999929e+00
5.973517340964996057e-03 2.181782407407407476e+00 2.729999999999999982e+00
5.996428298905420208e-03 2.190150462962963118e+00 2.580000000000000071e+00
6.038606009857987872e-03 2.205555555555556158e+00 2.549999999999999822e+00
6.148946197338704157e-03 2.245856481481481648e+00 2.669999999999999929e+00
6.151512985157756193e-03 2.246793981481481683e+00 2.609999999999999876e+00
6.167896062965776659e-03 2.252777777777777768e+00 2.910000000000000142e+00
6.171793777802114453e-03 2.254201388888888768e+00 2.540000000000000036e+00
6.175723181376958741e-03 2.255636574074074030e+00 3.080000000000000071e+00
6.176388644885600319e-03 2.255879629629629068e+00 3.180000000000000160e+00
6.178226591718997789e-03 2.256550925925925988e+00 2.810000000000000053e+00
6.178987121443161451e-03 2.256828703703703809e+00 2.620000000000000107e+00
6.192042881707966219e-03 2.261597222222222037e+00 2.700000000000000178e+00
6.204845132064718168e-03 2.266273148148147953e+00 4.349999999999999645e+00
6.208235827084946853e-03 2.267511574074073888e+00 3.549999999999999822e+00
6.212545495521874274e-03 2.269085648148148060e+00 3.759999999999999787e+00
6.220404302671563718e-03 2.271956018518518583e+00 3.040000000000000036e+00
6.232984731858767606e-03 2.276550925925926006e+00 2.589999999999999858e+00
6.245660227261493579e-03 2.281180555555556211e+00 3.100000000000000089e+00
6.259539894727474997e-03 2.286249999999999893e+00 3.250000000000000000e+00
6.263627741994855225e-03 2.287743055555556015e+00 2.770000000000000018e+00
6.268824695109972284e-03 2.289641203703704164e+00 2.529999999999999805e+00
6.278743270262602920e-03 2.293263888888888768e+00 3.319999999999999840e+00
6.290341348556095953e-03 2.297499999999999876e+00 2.600000000000000089e+00
6.305108300700269612e-03 2.302893518518518423e+00 3.049999999999999822e+00
6.308910949321087924e-03 2.304282407407407529e+00 2.529999999999999805e+00
6.309417969137197033e-03 2.304467592592592595e+00 3.279999999999999805e+00
6.310051743907332984e-03 2.304699074074074261e+00 2.709999999999999964e+00
6.313188929019507116e-03 2.305844907407407440e+00 3.009999999999999787e+00
6.326213000545807125e-03 2.310601851851851851e+00 2.890000000000000124e+00
6.338318098655408399e-03 2.315023148148148024e+00 2.729999999999999982e+00
6.345099488695865771e-03 2.317499999999999893e+00 2.700000000000000178e+00
6.366742897096018886e-03 2.325405092592592649e+00 3.040000000000000036e+00
6.384456901921326845e-03 2.331875000000000142e+00 3.049999999999999822e+00
6.402139218008127443e-03 2.338333333333333375e+00 2.870000000000000107e+00
6.406131999059985586e-03 2.339791666666666714e+00 2.560000000000000053e+00
6.414085872425194512e-03 2.342696759259259132e+00 3.899999999999999911e+00
6.467608151763199788e-03 2.362245370370370523e+00 3.200000000000000178e+00
6.483801097140180422e-03 2.368159722222222374e+00 2.740000000000000213e+00
6.495969572726793817e-03 2.372604166666666181e+00 2.990000000000000213e+00
6.497205433528562696e-03 2.373055555555556140e+00 2.990000000000000213e+00
6.526390761693334243e-03 2.383715277777777697e+00 2.779999999999999805e+00
6.549460163326294333e-03 2.392141203703704200e+00 2.649999999999999911e+00
6.556495063274804525e-03 2.394710648148147936e+00 3.000000000000000000e+00
6.560361089372635825e-03 2.396122685185185119e+00 3.830000000000000071e+00
6.564734135286577101e-03 2.397719907407407813e+00 2.939999999999999947e+00
6.571705657758075171e-03 2.400266203703703916e+00 2.640000000000000124e+00
6.589292907629355420e-03 2.406689814814814810e+00 3.970000000000000195e+00
6.598038999457236237e-03 2.409884259259259753e+00 2.740000000000000213e+00
6.612901017816930245e-03 2.415312500000000195e+00 2.729999999999999982e+00
6.637079525297627167e-03 2.424143518518518725e+00 2.500000000000000000e+00
6.640216710409801298e-03 2.425289351851851904e+00 2.629999999999999893e+00
6.646649524326682899e-03 2.427638888888888680e+00 3.399999999999999911e+00
6.647885385128449176e-03 2.428090277777777750e+00 3.149999999999999911e+00
6.650293729254968741e-03 2.428969907407407813e+00 2.549999999999999822e+00
6.676215117353539313e-03 2.438437500000000036e+00 2.580000000000000071e+00
6.677482666893811217e-03 2.438900462962962923e+00 3.279999999999999805e+00
6.692946771285135550e-03 2.444548611111111214e+00 3.379999999999999893e+00
6.743110044341418634e-03 2.462870370370370487e+00 2.609999999999999876e+00
6.743458620464992670e-03 2.462997685185185137e+00 2.700000000000000178e+00
6.744757858743771935e-03 2.463472222222222285e+00 2.870000000000000107e+00
6.750747030321559150e-03 2.465659722222222072e+00 3.319999999999999840e+00
6.773404478353930482e-03 2.473935185185185404e+00 2.720000000000000195e+00
6.793209939920686995e-03 2.481168981481481683e+00 2.660000000000000142e+00
6.813934374904141375e-03 2.488738425925925757e+00 2.709999999999999964e+00
6.862291389865535218e-03 2.506400462962962816e+00 3.209999999999999964e+00
6.873921156897535613e-03 2.510648148148148184e+00 2.560000000000000053e+00
6.878611090196545298e-03 2.512361111111111711e+00 2.830000000000000071e+00
6.891001386952706753e-03 2.516886574074074012e+00 2.600000000000000089e+00
6.902726220200226630e-03 2.521168981481481275e+00 2.950000000000000178e+00
6.913722212462090205e-03 2.525185185185184977e+00 2.689999999999999947e+00
6.940150620376771620e-03 2.534837962962963154e+00 2.700000000000000178e+00
6.956438631969271737e-03 2.540787037037036900e+00 2.640000000000000124e+00
6.973170285900868841e-03 2.546898148148148078e+00 2.729999999999999982e+00
6.976941245783178924e-03 2.548275462962962923e+00 2.709999999999999964e+00
7.036832961561052813e-03 2.570150462962963012e+00 2.799999999999999822e+00
7.037244915161640704e-03 2.570300925925925739e+00 3.120000000000000107e+00
7.046307894374589931e-03 2.573611111111111072e+00 2.709999999999999964e+00
7.052233688475363291e-03 2.575775462962962781e+00 3.310000000000000053e+00
7.054451900170840423e-03 2.576585648148148167e+00 2.560000000000000053e+00
7.071437064010492081e-03 2.582789351851852100e+00 2.689999999999999947e+00
7.095678948968201991e-03 2.591643518518518707e+00 2.870000000000000107e+00
7.116942092506271973e-03 2.599409722222222108e+00 3.290000000000000036e+00
7.130156296463612681e-03 2.604236111111111196e+00 2.620000000000000107e+00
7.147299903995797676e-03 2.610497685185185102e+00 3.509999999999999787e+00
7.155919240869649915e-03 2.613645833333333002e+00 2.640000000000000124e+00
7.238373338464373918e-03 2.643761574074074083e+00 2.790000000000000036e+00
7.253393800516602999e-03 2.649247685185185386e+00 3.069999999999999840e+00
7.296553862362878916e-03 2.665011574074073852e+00 2.990000000000000213e+00
7.317024787438280477e-03 2.672488425925926059e+00 3.129999999999999893e+00
7.327894024746115474e-03 2.676458333333333162e+00 2.689999999999999947e+00
7.328527799516252293e-03 2.676689814814814827e+00 3.229999999999999982e+00
7.362624882149580718e-03 2.689143518518518405e+00 3.089999999999999858e+00
7.398084580538703131e-03 2.702094907407407209e+00 4.360000000000000320e+00
7.400397858449700612e-03 2.702939814814814934e+00 2.629999999999999893e+00
7.406989116059117285e-03 2.705347222222222126e+00 2.529999999999999805e+00
7.407781334521788309e-03 2.705636574074074208e+00 3.160000000000000142e+00
7.423720769990713522e-03 2.711458333333333304e+00 2.700000000000000178e+00
7.433480901450810821e-03 2.715023148148147936e+00 2.790000000000000036e+00
7.458515004871191754e-03 2.724166666666666181e+00 2.520000000000000018e+00
7.473788976831475389e-03 2.729745370370370239e+00 2.529999999999999805e+00
7.477623314190799328e-03 2.731145833333333162e+00 3.120000000000000107e+00
7.491693114087824915e-03 2.736284722222222410e+00 3.410000000000000142e+00
7.496351358648325504e-03 2.737986111111111232e+00 3.060000000000000053e+00
7.496921755941447600e-03 2.738194444444444375e+00 2.660000000000000142e+00
7.550887677618548129e-03 2.757905092592592755e+00 2.549999999999999822e+00
7.569298834691004160e-03 2.764629629629629104e+00 2.660000000000000142e+00
7.666107930829314798e-03 2.799988425925926006e+00 2.689999999999999947e+00
7.671241506467418002e-03 2.801863425925926077e+00 2.810000000000000053e+00
7.688923822554220334e-03 2.808321759259259753e+00 2.819999999999999840e+00
7.772645469689214506e-03 2.838900462962962834e+00 2.509999999999999787e+00
7.780345833146369745e-03 2.841712962962962941e+00 2.819999999999999840e+00
7.806425664937475389e-03 2.851238425925926023e+00 2.939999999999999947e+00
7.848920263275110595e-03 2.866759259259259451e+00 2.720000000000000195e+00
7.854465792513800823e-03 2.868784722222221806e+00 2.839999999999999858e+00
7.863909036588831447e-03 2.872233796296296493e+00 2.569999999999999840e+00
7.878073902701374781e-03 2.877407407407406748e+00 2.740000000000000213e+00
7.881686418891153262e-03 2.878726851851852064e+00 2.569999999999999840e+00
7.882478637353824286e-03 2.879016203703704146e+00 2.529999999999999805e+00
7.906974032219588749e-03 2.887962962962963065e+00 2.899999999999999911e+00
7.949310186864688016e-03 2.903425925925926077e+00 2.950000000000000178e+00
7.957168994014376592e-03 2.906296296296296156e+00 2.870000000000000107e+00
7.971809191204524275e-03 2.911643518518518547e+00 4.410000000000000142e+00
7.973900647945975431e-03 2.912407407407407778e+00 2.569999999999999840e+00
7.993167400958114607e-03 2.919444444444444287e+00 2.620000000000000107e+00
7.994339884282867029e-03 2.919872685185185279e+00 3.720000000000000195e+00
7.995132102745536318e-03 2.920162037037036473e+00 3.049999999999999822e+00
8.000519188291695810e-03 2.922129629629629743e+00 2.939999999999999947e+00
8.001248029277352111e-03 2.922395833333333304e+00 3.669999999999999929e+00
8.011800379200120434e-03 2.926250000000000018e+00 4.009999999999999787e+00
8.015634716559444373e-03 2.927650462962962941e+00 3.120000000000000107e+00
8.016965643576729264e-03 2.928136574074073462e+00 3.540000000000000036e+00
8.025014583157462009e-03 2.931076388888889550e+00 3.279999999999999805e+00
8.031162198427784296e-03 2.933321759259260197e+00 2.770000000000000018e+00
8.033697297508326368e-03 2.934247685185185084e+00 2.779999999999999805e+00
8.036359151542899620e-03 2.935219907407407458e+00 2.870000000000000107e+00
8.038513985761362030e-03 2.936006944444444322e+00 2.669999999999999929e+00
8.061741831086854590e-03 2.944490740740740353e+00 2.629999999999999893e+00
8.063199513058168927e-03 2.945023148148148362e+00 3.649999999999999911e+00
8.080818451667954802e-03 2.951458333333333073e+00 2.839999999999999858e+00
8.113331097375943782e-03 2.963333333333333375e+00 3.100000000000000089e+00
8.132249274264511524e-03 2.970243055555556122e+00 2.580000000000000071e+00
8.139759505290625197e-03 2.972986111111111107e+00 2.990000000000000213e+00
8.151611093492171917e-03 2.977314814814814525e+00 2.959999999999999964e+00
8.169293409578972515e-03 2.983773148148147758e+00 2.649999999999999911e+00
8.173349568107845381e-03 2.985254629629629619e+00 2.560000000000000053e+00
8.185296222524913318e-03 2.989618055555555820e+00 2.589999999999999858e+00
8.205798836338819638e-03 2.997106481481481399e+00 3.169999999999999929e+00
8.207414962002668180e-03 2.997696759259259380e+00 2.569999999999999840e+00
8.211471120531539311e-03 2.999178240740740797e+00 2.580000000000000071e+00
8.256532506688224818e-03 3.015636574074073817e+00 3.120000000000000107e+00
8.258370453521620552e-03 3.016307870370370736e+00 3.069999999999999840e+00
8.286193165930601581e-03 3.026469907407407955e+00 2.660000000000000142e+00
8.345482795676845145e-03 3.048125000000000195e+00 2.549999999999999822e+00
8.392603949836473579e-03 3.065335648148148184e+00 2.939999999999999947e+00
8.415673351469431934e-03 3.073761574074074243e+00 2.569999999999999840e+00
8.431042389645235918e-03 3.079375000000000195e+00 3.180000000000000160e+00
8.499394998604426973e-03 3.104340277777777324e+00 2.810000000000000053e+00
8.535900425364274097e-03 3.117673611111110965e+00 2.580000000000000071e+00
8.556086151793113742e-03 3.125046296296296600e+00 2.509999999999999787e+00
8.600355319487129960e-03 3.141215277777777981e+00 3.109999999999999876e+00
8.620541045915967870e-03 3.148587962962963172e+00 3.109999999999999876e+00
8.621903661671760991e-03 3.149085648148148397e+00 2.850000000000000089e+00
8.636480481384893951e-03 3.154409722222222268e+00 2.790000000000000036e+00
8.686358555794615119e-03 3.172627314814814969e+00 3.339999999999999858e+00
8.703153587203225211e-03 3.178761574074074225e+00 2.839999999999999858e+00
8.711234215522460980e-03 3.181712962962962354e+00 3.040000000000000036e+00
8.720709148335999833e-03 3.185173611111111303e+00 2.890000000000000124e+00
8.722008386614778230e-03 3.185648148148148007e+00 2.830000000000000071e+00
8.733733219862300709e-03 3.189930555555556602e+00 2.790000000000000036e+00
8.749704344069731549e-03 3.195763888888889070e+00 3.410000000000000142e+00
8.778319274941381867e-03 3.206215277777777928e+00 2.560000000000000053e+00
8.792832717177503574e-03 3.211516203703704608e+00 2.729999999999999982e+00
8.799645795956467439e-03 3.214004629629630294e+00 2.520000000000000018e+00
8.800533080634657945e-03 3.214328703703704271e+00 2.689999999999999947e+00
8.800881656758231114e-03 3.214456018518518476e+00 3.299999999999999822e+00
8.820972316971549543e-03 3.221793981481481328e+00 3.089999999999999858e+00
8.846133175345957320e-03 3.230983796296295729e+00 2.509999999999999787e+00
8.873797444062404144e-03 3.241087962962962532e+00 2.689999999999999947e+00
8.927636610785476962e-03 3.260752314814814756e+00 2.700000000000000178e+00
8.934418000825934333e-03 3.263229166666666181e+00 2.649999999999999911e+00
8.934608133256978502e-03 3.263298611111112191e+00 3.080000000000000071e+00
9.000520709351143497e-03 3.287372685185184995e+00 2.740000000000000213e+00
9.102780268512624881e-03 3.324722222222222356e+00 3.220000000000000195e+00
9.126483444915720056e-03 3.333379629629630081e+00 3.370000000000000107e+00
9.144577714603108545e-03 3.339988425925926041e+00 2.640000000000000124e+00
9.145148111896230642e-03 3.340196759259259185e+00 2.879999999999999893e+00
9.164668374816426974e-03 3.347326388888888893e+00 3.689999999999999947e+00
9.201680821392384940e-03 3.360844907407408044e+00 3.569999999999999840e+00
9.203867344349353843e-03 3.361643518518518725e+00 2.750000000000000000e+00
9.378155406136814282e-03 3.425300925925925277e+00 2.779999999999999805e+00
9.430885467012149401e-03 3.444560185185185031e+00 2.560000000000000053e+00
9.479781190528158846e-03 3.462418981481480973e+00 2.689999999999999947e+00
9.482633176993772797e-03 3.463460648148148024e+00 2.569999999999999840e+00
9.563122572801074223e-03 3.492858796296296475e+00 2.540000000000000036e+00
9.571741909674925594e-03 3.496006944444443931e+00 2.609999999999999876e+00
9.590438265393946143e-03 3.502835648148148628e+00 2.540000000000000036e+00
9.637907995677151216e-03 3.520173611111112155e+00 3.060000000000000053e+00
9.660692198663545921e-03 3.528495370370370310e+00 3.919999999999999929e+00
9.661991436942326053e-03 3.528969907407407458e+00 2.500000000000000000e+00
9.718143881576395485e-03 3.549479166666666519e+00 2.640000000000000124e+00
9.729932092300929217e-03 3.553784722222222303e+00 2.910000000000000142e+00
9.742480832749625744e-03 3.558368055555555465e+00 2.640000000000000124e+00
9.778194041046803578e-03 3.571412037037037024e+00 2.750000000000000000e+00
9.799013542245778308e-03 3.579016203703703880e+00 2.859999999999999876e+00
9.805668177332207969e-03 3.581446759259259149e+00 2.640000000000000124e+00
9.809819402076600317e-03 3.582962962962962905e+00 2.509999999999999787e+00
9.815459997530813496e-03 3.585023148148148042e+00 2.970000000000000195e+00
9.827121453301319517e-03 3.589282407407407227e+00 3.100000000000000089e+00
9.846039630189885525e-03 3.596192129629629530e+00 2.870000000000000107e+00
9.884636513691183804e-03 3.610289351851852402e+00 2.609999999999999876e+00
9.901685055007847583e-03 3.616516203703703969e+00 3.240000000000000213e+00
9.920793364327454289e-03 3.623495370370370505e+00 2.520000000000000018e+00
9.931123893080677154e-03 3.627268518518519169e+00 2.879999999999999893e+00
9.948837897905982511e-03 3.633738425925925775e+00 2.819999999999999840e+00
9.966076571653686988e-03 3.640034722222222019e+00 3.060000000000000053e+00
9.971051703599258589e-03 3.641851851851852118e+00 2.830000000000000071e+00
9.972255875662515770e-03 3.642291666666666483e+00 2.819999999999999840e+00
1.001766583794277791e-02 3.658877314814815040e+00 3.240000000000000213e+00
1.004925951023406643e-02 3.670416666666666217e+00 3.250000000000000000e+00
1.007743079876662583e-02 3.680706018518519418e+00 2.700000000000000178e+00
1.009885238599722915e-02 3.688530092592593235e+00 2.729999999999999982e+00
1.010107059769270454e-02 3.689340277777777732e+00 2.620000000000000107e+00
1.013409026321680263e-02 3.701400462962963100e+00 2.859999999999999876e+00
1.015516327432383278e-02 3.709097222222222712e+00 2.560000000000000053e+00
1.016460651839886341e-02 3.712546296296296955e+00 2.629999999999999893e+00
1.017534900075267243e-02 3.716469907407407902e+00 3.560000000000000053e+00
1.036665391511829189e-02 3.786342592592592649e+00 2.529999999999999805e+00
1.037692106639449829e-02 3.790092592592592791e+00 3.080000000000000071e+00
1.041713407555964165e-02 3.804780092592592311e+00 2.520000000000000018e+00
1.041741927420620356e-02 3.804884259259259327e+00 3.430000000000000160e+00
1.045161142305505234e-02 3.817372685185185244e+00 2.609999999999999876e+00
1.055295200879983498e-02 3.854386574074073923e+00 2.899999999999999911e+00
1.055618426012752860e-02 3.855567129629628997e+00 3.520000000000000018e+00
1.059950276566634132e-02 3.871388888888888768e+00 3.810000000000000053e+00
1.065673262740964196e-02 3.892291666666666039e+00 2.759999999999999787e+00
1.066028176612240572e-02 3.893587962962962834e+00 2.819999999999999840e+00
1.067748875113160370e-02 3.899872685185184817e+00 2.770000000000000018e+00
1.068978398167224828e-02 3.904363425925926112e+00 3.819999999999999840e+00
1.069853007350012736e-02 3.907557870370370168e+00 2.709999999999999964e+00
1.071830384632837738e-02 3.914780092592592631e+00 2.970000000000000195e+00
1.075135520059098196e-02 3.926851851851851816e+00 2.580000000000000071e+00
1.078437486611508005e-02 3.938912037037037184e+00 2.770000000000000018e+00
1.081457423391207068e-02 3.949942129629629761e+00 2.609999999999999876e+00
1.082287668340085537e-02 3.952974537037036828e+00 2.529999999999999805e+00
1.082772506039239580e-02 3.954745370370369884e+00 2.879999999999999893e+00
1.083463320538688261e-02 3.957268518518518352e+00 2.910000000000000142e+00
1.086879366549722489e-02 3.969745370370370452e+00 2.549999999999999822e+00
1.090368296659322521e-02 3.982488425925926112e+00 3.009999999999999787e+00
1.094297700234167156e-02 3.996840277777777839e+00 2.549999999999999822e+00
1.095470183558919230e-02 4.001122685185185546e+00 2.859999999999999876e+00
1.100977686311402880e-02 4.021238425925925952e+00 3.000000000000000000e+00
1.101839619998788190e-02 4.024386574074074296e+00 2.839999999999999858e+00
1.104222613134500479e-02 4.033090277777778176e+00 2.569999999999999840e+00
1.107394655859032274e-02 4.044675925925925952e+00 2.750000000000000000e+00
1.108196380943254553e-02 4.047604166666666892e+00 3.080000000000000071e+00
1.108250251798716113e-02 4.047800925925925775e+00 2.569999999999999840e+00
1.110085029758260677e-02 4.054502314814815378e+00 2.689999999999999947e+00
1.125821657300743114e-02 4.111979166666666963e+00 2.709999999999999964e+00
1.127225468416594677e-02 4.117106481481481062e+00 2.930000000000000160e+00
1.133553709496405021e-02 4.140219907407407085e+00 3.209999999999999964e+00
1.134133613411079759e-02 4.142337962962963083e+00 3.290000000000000036e+00
1.134383954445283491e-02 4.143252314814814596e+00 3.169999999999999929e+00
1.136142679432411429e-02 4.149675925925925490e+00 2.609999999999999876e+00
1.139384437381658552e-02 4.161516203703704342e+00 3.379999999999999893e+00
1.143177579380923528e-02 4.175370370370369955e+00 3.049999999999999822e+00
1.148127360335687679e-02 4.193449074074074190e+00 2.629999999999999893e+00
1.148590015917887001e-02 4.195138888888888751e+00 3.310000000000000053e+00
1.158362822873387592e-02 4.230833333333333002e+00 3.209999999999999964e+00
1.163658011077875996e-02 4.250173611111111249e+00 2.939999999999999947e+00
1.163759415041097645e-02 4.250543981481481381e+00 2.890000000000000124e+00
1.164748103682510146e-02 4.254155092592592169e+00 2.859999999999999876e+00
1.169640844907962086e-02 4.272025462962963260e+00 2.689999999999999947e+00
1.174745900681409272e-02 4.290671296296296511e+00 2.689999999999999947e+00
1.183181442871922458e-02 4.321481481481481701e+00 2.939999999999999947e+00
1.184718346689502856e-02 4.327094907407407653e+00 3.310000000000000053e+00
1.184956012228303990e-02 4.327962962962963012e+00 3.430000000000000160e+00
1.185044740696123040e-02 4.328287037037036988e+00 2.509999999999999787e+00
1.189294200529886388e-02 4.343807870370370416e+00 2.720000000000000195e+00
1.191442697000648192e-02 4.351655092592592311e+00 2.560000000000000053e+00
1.201624288682886545e-02 4.388842592592592240e+00 2.930000000000000160e+00
1.202850642863100353e-02 4.393321759259259274e+00 2.890000000000000124e+00
1.203405195786969549e-02 4.395347222222222072e+00 2.580000000000000071e+00
1.207917672150339572e-02 4.411828703703704058e+00 2.850000000000000089e+00
1.208335963498629456e-02 4.413356481481481630e+00 3.180000000000000160e+00
1.214280770842507233e-02 4.435069444444444287e+00 3.270000000000000018e+00
1.214765608541661449e-02 4.436840277777777786e+00 3.250000000000000000e+00
1.217864767167627441e-02 4.448159722222222001e+00 2.529999999999999805e+00
1.220133680844715310e-02 4.456446759259259593e+00 2.520000000000000018e+00
1.223312061316948578e-02 4.468055555555555891e+00 3.319999999999999840e+00
1.227368219845820230e-02 4.482870370370370061e+00 3.270000000000000018e+00
1.232112024000289914e-02 4.500196759259258883e+00 2.620000000000000107e+00
1.232264129945122820e-02 4.500752314814815414e+00 2.759999999999999787e+00
1.249762651348584018e-02 4.564664351851852153e+00 2.830000000000000071e+00
1.250095383102905501e-02 4.565879629629630010e+00 2.709999999999999964e+00
1.266231288750574099e-02 4.624814814814815378e+00 2.560000000000000053e+00
1.270205056559328173e-02 4.639328703703704093e+00 2.600000000000000089e+00
1.278653274245243956e-02 4.670185185185185439e+00 2.580000000000000071e+00
1.281213724316594346e-02 4.679537037037037273e+00 2.790000000000000036e+00
1.281901369942192032e-02 4.682048611111111036e+00 3.319999999999999840e+00
1.282069320256278185e-02 4.682662037037037095e+00 3.149999999999999911e+00
1.282414727506002439e-02 4.683923611111111107e+00 2.649999999999999911e+00
1.295362746059885474e-02 4.731215277777777395e+00 3.120000000000000107e+00
1.308738562583610515e-02 4.780069444444444038e+00 3.450000000000000178e+00
1.308798771186773548e-02 4.780289351851851443e+00 2.669999999999999929e+00
1.313634472682912932e-02 4.797951388888888502e+00 2.640000000000000124e+00
1.314794280512262235e-02 4.802187499999999609e+00 2.740000000000000213e+00
1.316831866398250270e-02 4.809629629629629477e+00 3.209999999999999964e+00
1.325340292687329086e-02 4.840706018518518228e+00 2.660000000000000142e+00
1.330483374946984758e-02 4.859490740740740833e+00 2.770000000000000018e+00
1.331396010615980806e-02 4.862824074074073799e+00 2.669999999999999929e+00
1.336944708728523591e-02 4.883090277777777821e+00 2.580000000000000071e+00
1.340107244831503265e-02 4.894641203703703702e+00 2.649999999999999911e+00
1.343263443186781640e-02 4.906168981481481062e+00 2.540000000000000036e+00
1.343342665033048743e-02 4.906458333333333144e+00 2.540000000000000036e+00
1.356556868990389103e-02 4.954722222222222250e+00 3.609999999999999876e+00
1.359950732884468785e-02 4.967118055555555856e+00 2.930000000000000160e+00
1.361649249268433864e-02 4.973321759259259345e+00 2.569999999999999840e+00
1.369191169033054899e-02 5.000868055555555358e+00 3.020000000000000018e+00
1.369615798129046082e-02 5.002418981481481453e+00 2.549999999999999822e+00
1.380355111609004454e-02 5.041643518518518441e+00 2.509999999999999787e+00
1.390942319144130267e-02 5.080312499999999787e+00 2.669999999999999929e+00
1.396671643066161803e-02 5.101238425925926023e+00 3.209999999999999964e+00
1.397923348237180806e-02 5.105810185185185368e+00 3.299999999999999822e+00
1.406022989799521859e-02 5.135393518518518441e+00 2.609999999999999876e+00
1.411631896515227504e-02 5.155879629629629868e+00 3.120000000000000107e+00
1.413200489071314743e-02 5.161608796296296653e+00 3.279999999999999805e+00
1.414182839965025598e-02 5.165196759259258918e+00 2.910000000000000142e+00
1.421715253108094684e-02 5.192708333333333037e+00 2.850000000000000089e+00
1.432498930821962668e-02 5.232094907407407014e+00 3.000000000000000000e+00
1.434758337877498242e-02 5.240347222222221824e+00 4.049999999999999822e+00
1.444819512353411224e-02 5.277094907407407831e+00 2.629999999999999893e+00
1.448561952371065463e-02 5.290763888888888822e+00 2.529999999999999805e+00
1.449528458895523245e-02 5.294293981481481559e+00 2.649999999999999911e+00
1.455799660246021379e-02 5.317199074074074439e+00 3.009999999999999787e+00
1.462739493979012956e-02 5.342546296296296404e+00 2.660000000000000142e+00
1.464098940860955253e-02 5.347511574074074403e+00 2.520000000000000018e+00
1.468155099389826905e-02 5.362326388888888573e+00 2.990000000000000213e+00
1.469482857533262361e-02 5.367175925925925739e+00 4.410000000000000142e+00
1.471060956710901549e-02 5.372939814814814419e+00 2.529999999999999805e+00
1.480326743850293204e-02 5.406782407407407121e+00 3.160000000000000142e+00
1.482453058204100289e-02 5.414548611111110965e+00 2.890000000000000124e+00
1.491411464579975830e-02 5.447268518518518121e+00 2.569999999999999840e+00
1.491671312235731683e-02 5.448217592592592418e+00 3.000000000000000000e+00
1.491737858586596015e-02 5.448460648148148344e+00 2.560000000000000053e+00
1.491813911559012468e-02 5.448738425925926165e+00 2.549999999999999822e+00
1.492210020790347459e-02 5.450185185185184800e+00 2.649999999999999911e+00
1.495958798555703344e-02 5.463877314814815200e+00 2.569999999999999840e+00
1.499298791594321292e-02 5.476076388888889035e+00 2.500000000000000000e+00
1.501472639055888639e-02 5.484016203703704129e+00 3.310000000000000053e+00
1.503101440215138564e-02 5.489965277777777430e+00 2.660000000000000142e+00
1.507369913292006328e-02 5.505555555555556424e+00 2.600000000000000089e+00
1.508745204543201872e-02 5.510578703703703951e+00 2.799999999999999822e+00
1.510240913000723134e-02 5.516041666666666288e+00 2.830000000000000071e+00
1.510586320250447388e-02 5.517303240740740300e+00 3.169999999999999929e+00
1.525895149823087993e-02 5.573217592592592418e+00 2.740000000000000213e+00
1.535658450157036635e-02 5.608877314814814774e+00 2.970000000000000195e+00
1.536751711635521607e-02 5.612870370370369955e+00 2.729999999999999982e+00
1.540649426471859575e-02 5.627106481481481737e+00 2.529999999999999805e+00
1.542319422991168462e-02 5.633206018518518654e+00 3.100000000000000089e+00
1.554437196596173028e-02 5.677465277777777430e+00 3.149999999999999911e+00
1.566361668896286419e-02 5.721018518518518725e+00 2.609999999999999876e+00
1.575713015629646302e-02 5.755173611111111143e+00 2.890000000000000124e+00
1.576365803642886670e-02 5.757557870370370701e+00 2.750000000000000000e+00
1.584772825968743665e-02 5.788263888888888431e+00 3.209999999999999964e+00
1.588496252743294007e-02 5.801863425925925632e+00 2.540000000000000036e+00
1.597419801506812231e-02 5.834456018518518583e+00 2.529999999999999805e+00
1.601849887150064503e-02 5.850636574074074225e+00 2.709999999999999964e+00
1.603313906869079097e-02 5.855983796296296617e+00 2.890000000000000124e+00
1.603548403534029582e-02 5.856840277777777715e+00 2.859999999999999876e+00
1.623895742529253214e-02 5.931157407407408044e+00 2.589999999999999858e+00
1.627517765340581735e-02 5.944386574074074225e+00 2.859999999999999876e+00
1.634514638802885694e-02 5.969942129629630223e+00 2.520000000000000018e+00
1.638253909946689457e-02 5.983599537037036953e+00 2.830000000000000071e+00
1.642573085005167785e-02 5.999374999999999680e+00 2.609999999999999876e+00
1.648641478429222276e-02 6.021539351851852295e+00 2.600000000000000089e+00
1.651534660254893802e-02 6.032106481481480209e+00 2.859999999999999876e+00
1.652025835701749490e-02 6.033900462962962230e+00 2.790000000000000036e+00
1.652491660157799636e-02 6.035601851851851052e+00 2.740000000000000213e+00
1.656715769000757441e-02 6.051030092592591281e+00 3.060000000000000053e+00
1.660372649424443972e-02 6.064386574074075220e+00 2.520000000000000018e+00
1.661513444010688859e-02 6.068553240740740762e+00 2.549999999999999822e+00
1.671590462855854914e-02 6.105358796296296298e+00 2.669999999999999929e+00
1.674081197702490323e-02 6.114456018518517944e+00 2.819999999999999840e+00
1.675551555169206563e-02 6.119826388888889745e+00 2.520000000000000018e+00
1.684649391994512066e-02 6.153055555555555500e+00 2.959999999999999964e+00
1.694396847959207114e-02 6.188657407407407440e+00 2.919999999999999929e+00
1.701472943267778176e-02 6.214502314814814632e+00 2.919999999999999929e+00
1.703599257621585608e-02 6.222268518518520253e+00 2.720000000000000195e+00
1.705015744232839595e-02 6.227442129629629619e+00 2.540000000000000036e+00
1.708251164434385072e-02 6.239259259259259061e+00 2.629999999999999893e+00
1.709502869605404249e-02 6.243831018518518405e+00 2.580000000000000071e+00
1.710063760276974917e-02 6.245879629629630614e+00 2.649999999999999911e+00
1.712085501793709358e-02 6.253263888888889177e+00 3.600000000000000089e+00
1.712399220304926944e-02 6.254409722222223245e+00 3.290000000000000036e+00
1.714525534658734029e-02 6.262175925925927089e+00 3.250000000000000000e+00
1.723220924505002721e-02 6.293935185185184800e+00 2.520000000000000018e+00
1.725816232188710775e-02 6.303414351851851727e+00 2.580000000000000071e+00
1.732169824259326488e-02 6.326620370370370949e+00 2.770000000000000018e+00
1.734467257801070375e-02 6.335011574074074225e+00 3.040000000000000036e+00
1.738035409756937336e-02 6.348043981481481524e+00 3.490000000000000213e+00
1.747526186939727180e-02 6.382708333333333428e+00 2.509999999999999787e+00
1.748369107384008594e-02 6.385787037037037983e+00 2.509999999999999787e+00
1.750489083990114034e-02 6.393530092592592418e+00 2.720000000000000195e+00
1.750748931645870060e-02 6.394479166666666714e+00 3.029999999999999805e+00
1.758173603078016026e-02 6.421597222222223067e+00 2.520000000000000018e+00
1.770472002492509342e-02 6.466516203703703169e+00 3.729999999999999982e+00
1.778181872571216529e-02 6.494675925925925242e+00 4.910000000000000142e+00
1.778321303020646837e-02 6.495185185185186505e+00 5.019999999999999574e+00
1.778489253334732470e-02 6.495798611111110787e+00 3.049999999999999822e+00
1.778571644054850395e-02 6.496099537037037130e+00 2.810000000000000053e+00
1.778606501667208059e-02 6.496226851851852224e+00 2.839999999999999858e+00
1.778676216891923040e-02 6.496481481481482412e+00 3.189999999999999947e+00
1.778818816215203477e-02 6.497002314814814383e+00 2.629999999999999893e+00
1.778980428781588158e-02 6.497592592592591920e+00 2.779999999999999805e+00
1.779040637384751364e-02 6.497812500000000213e+00 2.520000000000000018e+00
1.779278302923552324e-02 6.498680555555555571e+00 2.689999999999999947e+00
1.779436746616086182e-02 6.499259259259258847e+00 2.640000000000000124e+00
1.779620541299425929e-02 6.499930555555556211e+00 3.240000000000000213e+00
1.779740958505751647e-02 6.500370370370370132e+00 3.069999999999999840e+00
1.780279667060367596e-02 6.502337962962963402e+00 2.580000000000000071e+00
1.780707465030209602e-02 6.503900462962963758e+00 2.540000000000000036e+00
1.781471163628223914e-02 6.506689814814816231e+00 3.770000000000000018e+00
1.781559892096042791e-02 6.507013888888889319e+00 2.870000000000000107e+00
1.781727842410129117e-02 6.507627314814816266e+00 2.819999999999999840e+00
1.782463021143487064e-02 6.510312500000001279e+00 2.859999999999999876e+00
1.782656322448378586e-02 6.511018518518519649e+00 2.520000000000000018e+00
1.782957365464193228e-02 6.512118055555555785e+00 2.520000000000000018e+00
1.783103133661324488e-02 6.512650462962962905e+00 2.750000000000000000e+00
1.783324954830872028e-02 6.513460648148147847e+00 2.720000000000000195e+00
1.783359812443229692e-02 6.513587962962962941e+00 2.529999999999999805e+00
1.783420021046392551e-02 6.513807870370370345e+00 2.589999999999999858e+00
1.784164706401302619e-02 6.516527777777778141e+00 2.689999999999999947e+00
1.784418216309357000e-02 6.517453703703703027e+00 2.560000000000000053e+00
1.784890378513108444e-02 6.519178240740740371e+00 2.790000000000000036e+00
1.786560375032417505e-02 6.525277777777777288e+00 2.520000000000000018e+00
1.786877262417485915e-02 6.526435185185186505e+00 2.750000000000000000e+00
1.787574414664635375e-02 6.528981481481481275e+00 3.069999999999999840e+00
1.788106785471550025e-02 6.530925925925926023e+00 2.839999999999999858e+00
1.788496556955183892e-02 6.532349537037037912e+00 2.979999999999999982e+00
1.788838795331057149e-02 6.533599537037036775e+00 2.700000000000000178e+00
1.791069682521936879e-02 6.541747685185185013e+00 2.520000000000000018e+00
1.793582599485527007e-02 6.550925925925926485e+00 3.160000000000000142e+00
1.793706185565703548e-02 6.551377314814814667e+00 3.209999999999999964e+00
1.793959695473757929e-02 6.552303240740740442e+00 2.649999999999999911e+00
1.797271168647719686e-02 6.564398148148147705e+00 2.629999999999999893e+00
1.799834787592920898e-02 6.573761574074073799e+00 2.899999999999999911e+00
1.800528770966219883e-02 6.576296296296296084e+00 4.070000000000000284e+00
1.801029453034627692e-02 6.578125000000000000e+00 2.899999999999999911e+00
1.801488939742976192e-02 6.579803240740740300e+00 2.500000000000000000e+00
1.801628370192406153e-02 6.580312499999998899e+00 2.689999999999999947e+00
1.801919906586669021e-02 6.581377314814814916e+00 2.560000000000000053e+00
1.802192429737827645e-02 6.582372685185185368e+00 3.240000000000000213e+00
1.803805386527824323e-02 6.588263888888889142e+00 2.640000000000000124e+00
1.805085611563499517e-02 6.592939814814815058e+00 4.400000000000000355e+00
1.806619346507229093e-02 6.598541666666666750e+00 2.890000000000000124e+00
1.806647866371885458e-02 6.598645833333334210e+00 2.830000000000000071e+00
1.806723919344301738e-02 6.598923611111111143e+00 3.500000000000000000e+00
1.806879194162985119e-02 6.599490740740741046e+00 2.700000000000000178e+00
1.807110521954084781e-02 6.600335648148147882e+00 2.689999999999999947e+00
1.807506631185419946e-02 6.601782407407407405e+00 2.589999999999999858e+00
1.807528813302374665e-02 6.601863425925926343e+00 2.620000000000000107e+00
1.809018184012194802e-02 6.607303240740741046e+00 2.560000000000000053e+00
1.809949832924295093e-02 6.610706018518518690e+00 4.620000000000000107e+00
1.810475865983508098e-02 6.612627314814814916e+00 2.779999999999999805e+00
1.810818104359381703e-02 6.613877314814814667e+00 3.109999999999999876e+00
1.811030418907377468e-02 6.614652777777778603e+00 2.810000000000000053e+00
1.811920872459418796e-02 6.617905092592592631e+00 3.700000000000000178e+00
1.814158097397999478e-02 6.626076388888888502e+00 2.919999999999999929e+00
1.814598570863244081e-02 6.627685185185184125e+00 2.529999999999999805e+00
1.819728977627497329e-02 6.646423611111112351e+00 3.339999999999999858e+00
1.820489507351660471e-02 6.649201388888888786e+00 2.830000000000000071e+00
1.826722682215950119e-02 6.671967592592591423e+00 3.229999999999999982e+00
1.831409446641107594e-02 6.689085648148147101e+00 3.060000000000000053e+00
1.833824128515326723e-02 6.697905092592592702e+00 2.970000000000000195e+00
1.834686062202712034e-02 6.701053240740741046e+00 2.580000000000000071e+00
1.837100744076931164e-02 6.709872685185185759e+00 2.589999999999999858e+00
1.837842260557990409e-02 6.712581018518518405e+00 2.870000000000000107e+00
1.838190836681565313e-02 6.713854166666666679e+00 2.799999999999999822e+00
1.841594207197197117e-02 6.726284722222223067e+00 3.209999999999999964e+00
1.842183617733423803e-02 6.728437500000000959e+00 2.580000000000000071e+00
1.842548038226252127e-02 6.729768518518518761e+00 2.500000000000000000e+00
1.846578845764318411e-02 6.744490740740740620e+00 3.470000000000000195e+00
1.851351169783444287e-02 6.761921296296296902e+00 3.080000000000000071e+00
1.851810656491793133e-02 6.763599537037038090e+00 3.180000000000000160e+00
1.851826500861046554e-02 6.763657407407408506e+00 2.839999999999999858e+00
1.856129831550271461e-02 6.779374999999999929e+00 2.740000000000000213e+00
1.858097702211544341e-02 6.786562499999999609e+00 2.810000000000000053e+00
1.861070105883483317e-02 6.797418981481481381e+00 2.729999999999999982e+00
1.861333122413089819e-02 6.798379629629629939e+00 3.879999999999999893e+00
1.864131238023241169e-02 6.808599537037037130e+00 3.049999999999999822e+00
1.865953340487382789e-02 6.815254629629628802e+00 3.259999999999999787e+00
1.873010422552849608e-02 6.841030092592592204e+00 2.649999999999999911e+00
1.875612067984258960e-02 6.850532407407406765e+00 2.589999999999999858e+00
1.877820773058183623e-02 6.858599537037036065e+00 2.709999999999999964e+00
1.877896826030600250e-02 6.858877314814815662e+00 2.629999999999999893e+00
1.888417487214861731e-02 6.897303240740741082e+00 2.520000000000000018e+00
1.888642477258260094e-02 6.898125000000001172e+00 3.370000000000000107e+00
1.889136821578966258e-02 6.899930555555555678e+00 2.640000000000000124e+00
1.889197030182129117e-02 6.900150462962963083e+00 2.660000000000000142e+00
1.890654712153442413e-02 6.905474537037036953e+00 2.500000000000000000e+00
1.895883354007066313e-02 6.924571759259259274e+00 3.669999999999999929e+00
1.896098837428912554e-02 6.925358796296295694e+00 2.580000000000000071e+00
1.897483635301660393e-02 6.930416666666666892e+00 3.040000000000000036e+00
1.899397635107471713e-02 6.937407407407407689e+00 2.580000000000000071e+00
1.900113800597725763e-02 6.940023148148148913e+00 2.939999999999999947e+00
1.900589131675328031e-02 6.941759259259260517e+00 2.520000000000000018e+00
1.902198919591473886e-02 6.947638888888889142e+00 2.640000000000000124e+00
1.902506300354989827e-02 6.948761574074073799e+00 3.290000000000000036e+00
1.903206621475990457e-02 6.951319444444444606e+00 2.720000000000000195e+00
1.904030528677167627e-02 6.954328703703704484e+00 2.750000000000000000e+00
1.905218856371172775e-02 6.958668981481481275e+00 2.600000000000000089e+00
1.909069038099750482e-02 6.972731481481480920e+00 2.890000000000000124e+00
1.910777061105267682e-02 6.978969907407407192e+00 2.689999999999999947e+00
1.910897478311593400e-02 6.979409722222222001e+00 3.060000000000000053e+00
1.915387772558008531e-02 6.995810185185184160e+00 3.770000000000000018e+00
1.920625921033184552e-02 7.014942129629629264e+00 3.140000000000000124e+00
1.921050550129175735e-02 7.016493055555554470e+00 2.959999999999999964e+00
1.922796599620901076e-02 7.022870370370370097e+00 2.680000000000000160e+00
1.922821950611706618e-02 7.022962962962962408e+00 2.810000000000000053e+00
1.925360218566102288e-02 7.032233796296296191e+00 2.919999999999999929e+00
1.926158774776473917e-02 7.035150462962962870e+00 2.620000000000000107e+00
1.926481999909243625e-02 7.036331018518519720e+00 2.799999999999999822e+00
1.927749549449515876e-02 7.040960648148148593e+00 2.580000000000000071e+00
1.933025724410900037e-02 7.060231481481481275e+00 2.500000000000000000e+00
1.939727892605090653e-02 7.084710648148148771e+00 3.250000000000000000e+00
1.941309160656580490e-02 7.090486111111110823e+00 2.950000000000000178e+00
1.943635114062980396e-02 7.098981481481481559e+00 2.979999999999999982e+00
1.946769130301304052e-02 7.110428240740740868e+00 2.709999999999999964e+00
1.946810325661363014e-02 7.110578703703703596e+00 2.770000000000000018e+00
1.948648272494758055e-02 7.117291666666666572e+00 2.729999999999999982e+00
1.956881006758828118e-02 7.147361111111113274e+00 2.740000000000000213e+00
1.960148115698880089e-02 7.159293981481482660e+00 3.290000000000000036e+00
1.964689111926905957e-02 7.175879629629629441e+00 2.700000000000000178e+00
1.973942223570894841e-02 7.209675925925925988e+00 2.790000000000000036e+00
1.981953136665416670e-02 7.238935185185184196e+00 2.560000000000000053e+00
1.982548884949344656e-02 7.241111111111110610e+00 3.100000000000000089e+00
1.989843632553612782e-02 7.267754629629629370e+00 3.040000000000000036e+00
2.005732366040928125e-02 7.325787037037037486e+00 2.620000000000000107e+00
2.006952382473440460e-02 7.330243055555555998e+00 3.620000000000000107e+00
2.008051981699626731e-02 7.334259259259259700e+00 2.700000000000000178e+00
2.011005372128461463e-02 7.345046296296295907e+00 2.569999999999999840e+00
2.015422782276311137e-02 7.361180555555556282e+00 2.549999999999999822e+00
2.035041280285878121e-02 7.432835648148148344e+00 2.830000000000000071e+00
2.036071164287349411e-02 7.436597222222222747e+00 3.569999999999999840e+00
2.046633020831669508e-02 7.475173611111110894e+00 2.680000000000000160e+00
2.049228328515377562e-02 7.484652777777777821e+00 2.770000000000000018e+00
2.050042729095002611e-02 7.487627314814814916e+00 2.500000000000000000e+00
2.053579192312362731e-02 7.500543981481481381e+00 3.029999999999999805e+00
2.057898367370841058e-02 7.516319444444444109e+00 2.680000000000000160e+00
2.059831380419756622e-02 7.523379629629629584e+00 3.529999999999999805e+00
2.061846784188789417e-02 7.530740740740739625e+00 2.589999999999999858e+00
2.068466561662862802e-02 7.554918981481481666e+00 2.500000000000000000e+00
2.069176389405415206e-02 7.557511574074073479e+00 4.000000000000000000e+00
2.069185896026967328e-02 7.557546296296296262e+00 3.569999999999999840e+00
2.069195402648519103e-02 7.557581018518517268e+00 3.500000000000000000e+00
2.077409123669484922e-02 7.587581018518518405e+00 3.520000000000000018e+00
2.081883573546646632e-02 7.603923611111111036e+00 3.220000000000000195e+00
2.093386585624619142e-02 7.645937499999999609e+00 2.990000000000000213e+00
2.095034400026973484e-02 7.651956018518518476e+00 2.770000000000000018e+00
2.095085102008584221e-02 7.652141203703703098e+00 2.569999999999999840e+00
2.099483498913329652e-02 7.668206018518517908e+00 2.709999999999999964e+00
2.110222812393288197e-02 7.707430555555555785e+00 2.620000000000000107e+00
2.110748845452501202e-02 7.709351851851852011e+00 2.600000000000000089e+00
2.111144954683836367e-02 7.710798611111111533e+00 2.990000000000000213e+00
2.111211501034700525e-02 7.711041666666666572e+00 2.580000000000000071e+00
2.114393050380784442e-02 7.722662037037037130e+00 3.290000000000000036e+00
2.114481778848603666e-02 7.722986111111111107e+00 3.540000000000000036e+00
2.115907772081410121e-02 7.728194444444444144e+00 2.660000000000000142e+00
2.125192572463905846e-02 7.762106481481481524e+00 3.180000000000000160e+00
2.129470552162325558e-02 7.777731481481482412e+00 2.939999999999999947e+00
2.132088041962987637e-02 7.787291666666665613e+00 2.620000000000000107e+00
2.133048210739744294e-02 7.790798611111110716e+00 3.080000000000000071e+00
2.145549418080681600e-02 7.836458333333333748e+00 2.520000000000000018e+00
2.148036984053466186e-02 7.845543981481481133e+00 2.879999999999999893e+00
2.158183718123347222e-02 7.882604166666666856e+00 3.189999999999999947e+00
2.160056522569099580e-02 7.889444444444444038e+00 2.830000000000000071e+00
2.160718817203891723e-02 7.891863425925924602e+00 2.560000000000000053e+00
2.166238995451778837e-02 7.912025462962963829e+00 3.120000000000000107e+00
2.166612922566158936e-02 7.913391203703703525e+00 3.430000000000000160e+00
2.167750548278553693e-02 7.917546296296296582e+00 2.609999999999999876e+00
2.168381154174839343e-02 7.919849537037038090e+00 2.509999999999999787e+00
2.170092346054207019e-02 7.926099537037036846e+00 2.709999999999999964e+00
2.171695796222651575e-02 7.931956018518518725e+00 2.680000000000000160e+00
2.178150792256489110e-02 7.955532407407407192e+00 3.520000000000000018e+00
2.178996881574621000e-02 7.958622685185185119e+00 2.750000000000000000e+00
2.181097844937622543e-02 7.966296296296295765e+00 2.790000000000000036e+00
2.182796361321587622e-02 7.972500000000000142e+00 3.060000000000000053e+00
2.186808155616550009e-02 7.987152777777778212e+00 2.520000000000000018e+00
2.190667843966679837e-02 8.001250000000000639e+00 3.330000000000000071e+00
2.217476516743442302e-02 8.099166666666667069e+00 2.759999999999999787e+00
2.218988069570217159e-02 8.104687500000000711e+00 2.970000000000000195e+00
2.223620963139913073e-02 8.121608796296296617e+00 3.169999999999999929e+00
2.227008489286290763e-02 8.133981481481480813e+00 2.660000000000000142e+00
2.230427704171175987e-02 8.146469907407407618e+00 3.100000000000000089e+00
2.243049328718439012e-02 8.192569444444444571e+00 2.549999999999999822e+00
2.243641908128516174e-02 8.194733796296295836e+00 2.689999999999999947e+00
2.243942951144330816e-02 8.195833333333332860e+00 2.689999999999999947e+00
2.257055751138449529e-02 8.243726851851851833e+00 3.459999999999999964e+00
2.262414316819951268e-02 8.263298611111110858e+00 3.120000000000000107e+00
2.273711352097629659e-02 8.304560185185184906e+00 2.640000000000000124e+00
2.282444768430106838e-02 8.336458333333332860e+00 2.689999999999999947e+00
2.293275979251735083e-02 8.376018518518518974e+00 2.629999999999999893e+00
2.296872651072258062e-02 8.389155092592591956e+00 2.629999999999999893e+00
2.304335348990612514e-02 8.416412037037037663e+00 2.930000000000000160e+00
2.306293713030333273e-02 8.423564814814815449e+00 2.509999999999999787e+00
2.306588418298446616e-02 8.424641203703703951e+00 2.549999999999999822e+00
2.312184649518749316e-02 8.445081018518518334e+00 2.620000000000000107e+00
2.313968725496682796e-02 8.451597222222222427e+00 2.569999999999999840e+00
2.325215058792750450e-02 8.492673611111111853e+00 2.569999999999999840e+00
2.328425128003490385e-02 8.504398148148148096e+00 3.200000000000000178e+00
2.330418349655568808e-02 8.511678240740740975e+00 2.649999999999999911e+00
2.333698134091023724e-02 8.523657407407407405e+00 2.560000000000000053e+00
2.336863839067854220e-02 8.535219907407407547e+00 2.990000000000000213e+00
2.338546511082565879e-02 8.541365740740740620e+00 2.589999999999999858e+00
2.338771501125964242e-02 8.542187500000000711e+00 2.529999999999999805e+00
2.347710894258735886e-02 8.574837962962963189e+00 3.029999999999999805e+00
2.356659794013059306e-02 8.607523148148148451e+00 2.810000000000000053e+00
2.366359716869994440e-02 8.642951388888889142e+00 2.759999999999999787e+00
2.376582503912291755e-02 8.680289351851852686e+00 2.899999999999999911e+00
2.378702480518397194e-02 8.688032407407407121e+00 2.560000000000000053e+00
2.398501604337453103e-02 8.760347222222222285e+00 3.040000000000000036e+00
2.400526514728038366e-02 8.767743055555555998e+00 2.740000000000000213e+00
2.402519736380117135e-02 8.775023148148148877e+00 2.919999999999999929e+00
2.407748378233740688e-02 8.794120370370370310e+00 3.129999999999999893e+00
2.415740278085158621e-02 8.823310185185185617e+00 4.230000000000000426e+00
2.415851188669932217e-02 8.823715277777777644e+00 2.649999999999999911e+00
2.435517219787259463e-02 8.895543981481480955e+00 2.830000000000000071e+00
2.437624520897962305e-02 8.903240740740740122e+00 2.819999999999999840e+00
2.450027493149528612e-02 8.948541666666667282e+00 2.779999999999999805e+00
2.457937002280828620e-02 8.977430555555555358e+00 2.890000000000000124e+00
2.457946508902380742e-02 8.977465277777778141e+00 3.069999999999999840e+00
2.462579402472076309e-02 8.994386574074074048e+00 2.850000000000000089e+00
2.467028501358432130e-02 9.010636574074071703e+00 3.049999999999999822e+00
2.478094208845011207e-02 9.051053240740740691e+00 2.629999999999999893e+00
2.482606685208381056e-02 9.067534722222221788e+00 2.850000000000000089e+00
2.485420645187786173e-02 9.077812500000000284e+00 4.129999999999999893e+00
2.485563244511066264e-02 9.078333333333331367e+00 2.549999999999999822e+00
2.489730313624712033e-02 9.093553240740739341e+00 4.589999999999999858e+00
2.489819042092532297e-02 9.093877314814816870e+00 3.270000000000000018e+00
2.489834886461784677e-02 9.093935185185184622e+00 3.140000000000000124e+00
2.489895095064947883e-02 9.094155092592592027e+00 2.669999999999999929e+00
2.489914108308052126e-02 9.094224537037037592e+00 2.660000000000000142e+00
2.490107409612943995e-02 9.094930555555556850e+00 2.529999999999999805e+00
2.490899628075613978e-02 9.097824074074074119e+00 2.970000000000000195e+00
2.491013707534238397e-02 9.098240740740740407e+00 2.950000000000000178e+00
2.491210177712980742e-02 9.098958333333333925e+00 2.709999999999999964e+00
2.495624418986979245e-02 9.115081018518518263e+00 3.540000000000000036e+00
2.495795538174916048e-02 9.115706018518517695e+00 2.569999999999999840e+00
2.502317080559618434e-02 9.139525462962964752e+00 2.509999999999999787e+00
2.507796063447445545e-02 9.159537037037036811e+00 2.799999999999999822e+00
2.512305370936964918e-02 9.176006944444443647e+00 3.979999999999999982e+00
2.512539867601916097e-02 9.176863425925928297e+00 2.689999999999999947e+00
2.513126109264291266e-02 9.179004629629629264e+00 2.549999999999999822e+00
2.515759443434207460e-02 9.188622685185185546e+00 2.500000000000000000e+00
2.518025188237444506e-02 9.196898148148148877e+00 3.069999999999999840e+00
2.518792055709309294e-02 9.199699074074073835e+00 2.600000000000000089e+00
2.521545807085550858e-02 9.209756944444443150e+00 2.930000000000000160e+00
2.528061011722551252e-02 9.233553240740739909e+00 2.950000000000000178e+00
2.528219455415085457e-02 9.234131944444444073e+00 2.850000000000000089e+00
2.529639110900190613e-02 9.239317129629629477e+00 2.649999999999999911e+00
2.530304574408833232e-02 9.241747685185183414e+00 2.589999999999999858e+00
2.534015325687981671e-02 9.255300925925926236e+00 3.089999999999999858e+00
2.534452630279375451e-02 9.256898148148147598e+00 2.509999999999999787e+00
2.540010835013470358e-02 9.277199074074074403e+00 2.620000000000000107e+00
2.547527403787285330e-02 9.304652777777775441e+00 2.640000000000000124e+00
2.549292466522115261e-02 9.311099537037037521e+00 2.729999999999999982e+00
2.551979671547493014e-02 9.320914351851852686e+00 2.810000000000000053e+00
2.575800096283063431e-02 9.407916666666668704e+00 2.910000000000000142e+00
2.575847629390822652e-02 9.408090277777775512e+00 2.850000000000000089e+00
2.583440251137055638e-02 9.435821759259260588e+00 2.879999999999999893e+00
2.584891595360666594e-02 9.441122685185183272e+00 2.589999999999999858e+00
2.590193121312857338e-02 9.460486111111112706e+00 2.549999999999999822e+00
2.604234401345224478e-02 9.511770833333331510e+00 2.649999999999999911e+00
2.612977324299254125e-02 9.543703703703704022e+00 2.819999999999999840e+00
2.618928469390833375e-02 9.565439814814814312e+00 2.890000000000000124e+00
2.623035329901316631e-02 9.580439814814816657e+00 2.770000000000000018e+00
2.629566378907569404e-02 9.604293981481479392e+00 2.620000000000000107e+00
2.636747047053213458e-02 9.630520833333333641e+00 2.569999999999999840e+00
2.638027272088889000e-02 9.635196759259260446e+00 3.029999999999999805e+00
2.642162652464027581e-02 9.650300925925925810e+00 2.939999999999999947e+00
2.643987923802019677e-02 9.656967592592591743e+00 3.279999999999999805e+00
2.648430684940674892e-02 9.673194444444444429e+00 2.509999999999999787e+00
2.653504051975615410e-02 9.691724537037037734e+00 2.560000000000000053e+00
2.659436183824090416e-02 9.713391203703704235e+00 3.200000000000000178e+00
2.662731812628798753e-02 9.725428240740740193e+00 3.279999999999999805e+00
2.663780709873373939e-02 9.729259259259258386e+00 2.990000000000000213e+00
2.663859931719641388e-02 9.729548611111111356e+00 3.169999999999999929e+00
2.673236629443806467e-02 9.763796296296295196e+00 2.870000000000000107e+00
2.685690303676984206e-02 9.809282407407408755e+00 2.979999999999999982e+00
2.689255286758999650e-02 9.822303240740739128e+00 3.129999999999999893e+00
2.691771372596440948e-02 9.831493055555556637e+00 2.500000000000000000e+00
2.692722034751645135e-02 9.834965277777778070e+00 2.990000000000000213e+00
2.693412849251093644e-02 9.837488425925926094e+00 2.509999999999999787e+00
2.694740607394529100e-02 9.842337962962963260e+00 3.180000000000000160e+00
2.703385295259186707e-02 9.873912037037035461e+00 3.220000000000000195e+00
2.709431506566286826e-02 9.895995370370370026e+00 3.169999999999999929e+00
2.711957099025279899e-02 9.905219907407408542e+00 2.600000000000000089e+00
2.714026373649774601e-02 9.912777777777778354e+00 2.950000000000000178e+00
2.714327416665589243e-02 9.913877314814815378e+00 2.740000000000000213e+00
2.716390353542382646e-02 9.921412037037036669e+00 2.589999999999999858e+00
2.716643863450437374e-02 9.922337962962963331e+00 2.629999999999999893e+00
2.722772465477654377e-02 9.944722222222221575e+00 2.580000000000000071e+00
2.736186308487587732e-02 9.993715277777777573e+00 2.549999999999999822e+00
2.743138817715981906e-02 1.001910879629629569e+01 2.520000000000000018e+00
2.744384185139299784e-02 1.002365740740740740e+01 3.089999999999999858e+00
2.750325823609327258e-02 1.004535879629629669e+01 2.720000000000000195e+00
2.759496544533197870e-02 1.007885416666666600e+01 2.680000000000000160e+00
2.772897712047729321e-02 1.012780092592592851e+01 3.049999999999999822e+00
2.788301607835889581e-02 1.018406249999999957e+01 3.560000000000000053e+00
2.788371323060604909e-02 1.018431712962962976e+01 3.029999999999999805e+00
2.796407587145931586e-02 1.021366898148147939e+01 2.859999999999999876e+00
2.799804619913862092e-02 1.022607638888888815e+01 2.500000000000000000e+00
2.801791503818239215e-02 1.023333333333333250e+01 2.549999999999999822e+00
2.806069483516658580e-02 1.024895833333333250e+01 2.529999999999999805e+00
2.806313486803161186e-02 1.024984953703703638e+01 2.879999999999999893e+00
2.811092148569988361e-02 1.026730324074073941e+01 2.640000000000000124e+00
2.827678034304453511e-02 1.032788194444444407e+01 2.729999999999999982e+00
2.838290592830385387e-02 1.036664351851852039e+01 3.209999999999999964e+00
2.847534197852821802e-02 1.040040509259259238e+01 2.790000000000000036e+00
2.874222453423258203e-02 1.049788194444444400e+01 2.549999999999999822e+00
2.889141511512264768e-02 1.055237268518518334e+01 3.040000000000000036e+00
2.901015281830766901e-02 1.059574074074073913e+01 2.580000000000000071e+00
2.904142960321389605e-02 1.060716435185185169e+01 2.720000000000000195e+00
2.913731972593550795e-02 1.064218750000000036e+01 2.810000000000000053e+00
2.914416449345298005e-02 1.064468749999999986e+01 2.640000000000000124e+00
2.915785402848792424e-02 1.064968750000000064e+01 2.930000000000000160e+00
2.927659173167294557e-02 1.069305555555555642e+01 2.520000000000000018e+00
2.940613529468879064e-02 1.074037037037037123e+01 2.529999999999999805e+00
2.941529334011725588e-02 1.074371527777777757e+01 3.000000000000000000e+00
2.951638041595399178e-02 1.078063657407407661e+01 2.950000000000000178e+00
2.955627653773405805e-02 1.079520833333333130e+01 2.959999999999999964e+00
2.956172700075723400e-02 1.079719907407407398e+01 2.810000000000000053e+00
2.963096689439461556e-02 1.082248842592592553e+01 2.620000000000000107e+00
2.969291837817543064e-02 1.084511574074073970e+01 2.609999999999999876e+00
2.970476996637698083e-02 1.084944444444444400e+01 3.490000000000000213e+00
2.970930145598345284e-02 1.085109953703703667e+01 2.919999999999999929e+00
2.973389191706474199e-02 1.086008101851851926e+01 3.339999999999999858e+00
2.974428582329497958e-02 1.086387731481481644e+01 3.229999999999999982e+00
2.984451730319201759e-02 1.090048611111111043e+01 2.830000000000000071e+00
2.985022127612324203e-02 1.090256944444444365e+01 2.600000000000000089e+00
2.990174716493531823e-02 1.092138888888888815e+01 3.100000000000000089e+00
2.995099146457490605e-02 1.093937500000000007e+01 3.459999999999999964e+00
3.024141875298982582e-02 1.104545138888888722e+01 3.330000000000000071e+00
3.025095706328037939e-02 1.104893518518518469e+01 2.549999999999999822e+00
3.025380904974599508e-02 1.104997685185185219e+01 2.520000000000000018e+00
3.027998394775261587e-02 1.105953703703703539e+01 2.529999999999999805e+00
3.035828682060295186e-02 1.108813657407407405e+01 2.560000000000000053e+00
3.044596956005129335e-02 1.112016203703703532e+01 2.589999999999999858e+00
3.057262944786302838e-02 1.116642361111111192e+01 3.189999999999999947e+00
3.066281559765340892e-02 1.119936342592592560e+01 2.680000000000000160e+00
3.072213691613815897e-02 1.122103009259259210e+01 2.830000000000000071e+00
3.073192873633676797e-02 1.122460648148148188e+01 2.580000000000000071e+00
3.074682244343496587e-02 1.123004629629629569e+01 3.140000000000000124e+00
3.085874706784102681e-02 1.127092592592592624e+01 2.569999999999999840e+00
