# t_day  lambda(t)  mu(t)=mu_ref*q_mu  q_mu(t)  q_K0(t)  K0(t)=K0_ref*q_K0
0.000000000000000000e+00 3.641974869025954149e+02 3.641974869025954149e+02 3.641974869025954104e+04 6.054412981430176179e-03 1.210882596286035317e-04
1.881623693810672085e-02 4.291471135739403735e+02 3.592461752412902456e+02 3.592461752412902570e+04 6.409755827955302895e-03 1.281951165591060644e-04
3.763247387621344170e-02 3.948656093872215820e+02 3.543622499341535104e+02 3.543622499341535149e+04 6.785921290207131210e-03 1.357184258041426274e-04
5.644871081432016602e-02 3.793515149920938256e+02 3.495448645281737186e+02 3.495448645281737117e+04 7.184092664775609989e-03 1.436818532955122063e-04
7.526494775242688340e-02 3.690760280340893473e+02 3.447931811963595123e+02 3.447931811963595101e+04 7.605516208290102713e-03 1.521103241658020629e-04
9.408118469053360078e-02 3.610170478906902645e+02 3.401063706995332723e+02 3.401063706995332905e+04 8.051504089438228651e-03 1.610300817887645849e-04
1.128974216286403320e-01 3.537776376038896728e+02 3.354836123469779636e+02 3.354836123469779704e+04 8.523437445186550845e-03 1.704687489037310299e-04
1.317136585667470494e-01 3.467898948590863597e+02 3.309240939559632579e+02 3.309240939559632534e+04 9.022769541930878573e-03 1.804553908386175660e-04
1.505298955048537668e-01 3.407662988621736417e+02 3.264270118102179481e+02 3.264270118102179185e+04 9.551029042005500583e-03 1.910205808401100290e-04
1.693461324429604842e-01 3.350889101857801506e+02 3.219915706173594003e+02 3.219915706173593935e+04 1.010982337564946681e-02 2.021964675129893406e-04
1.881623693810672016e-01 3.297166468745986663e+02 3.176169834653421731e+02 3.176169834653421640e+04 1.070084221816296373e-02 2.140168443632592757e-04
2.069786063191739189e-01 3.255404952012460740e+02 3.133024717779573507e+02 3.133024717779573621e+04 1.132586107158553568e-02 2.265172214317107222e-04
2.257948432572806641e-01 3.199439680954351388e+02 3.090472652694101612e+02 3.090472652694101635e+04 1.198674494978873607e-02 2.397348989957747334e-04
2.446110801953873815e-01 3.149396190655689907e+02 3.048506018980341992e+02 3.048506018980342196e+04 1.268545216539653311e-02 2.537090433079306666e-04
2.634273171334940988e-01 3.102267948513531906e+02 3.007117278191584546e+02 3.007117278191584410e+04 1.342403821642610372e-02 2.684807643285220548e-04
2.822435540716007885e-01 3.058078653382034418e+02 2.966298973371742136e+02 2.966298973371742250e+04 1.420465976997710780e-02 2.840931953995421604e-04
3.010597910097075336e-01 3.018143747076364320e+02 2.926043728568362212e+02 2.926043728568362349e+04 1.502957873968744328e-02 3.005915747937488482e-04
3.198760279478142787e-01 2.971377672911702348e+02 2.886344248338268699e+02 2.886344248338268517e+04 1.590116645301631673e-02 3.180233290603263650e-04
3.386922648859209684e-01 2.928350950061981166e+02 2.847193317246216111e+02 2.847193317246216247e+04 1.682190790370928501e-02 3.364381580741857328e-04
3.575085018240277135e-01 2.886724063754731446e+02 2.808583799356944724e+02 2.808583799356944655e+04 1.779440608404288596e-02 3.558881216808577235e-04
3.763247387621344031e-01 2.846619029480785912e+02 2.770508637720761840e+02 2.770508637720761544e+04 1.882138639063787519e-02 3.764277278127575233e-04
3.951409757002411482e-01 2.808034282106731894e+02 2.732960853853230105e+02 2.732960853853230219e+04 1.990570109676711302e-02 3.981140219353422453e-04
4.139572126383478379e-01 2.768853916140795945e+02 2.695933547209078256e+02 2.695933547209078461e+04 2.105033388316727289e-02 4.210066776633454425e-04
4.327734495764545830e-01 2.731519522473208212e+02 2.659419894650690139e+02 2.659419894650689821e+04 2.225840441839037342e-02 4.451680883678075010e-04
4.515896865145613281e-01 2.693364414552845574e+02 2.623413149911538653e+02 2.623413149911538494e+04 2.353317297870088573e-02 4.706634595740177471e-04
4.704059234526680178e-01 2.667680944833439298e+02 2.587906643054713527e+02 2.587906643054713277e+04 2.487804509643785911e-02 4.975609019287572385e-04
4.892221603907747629e-01 2.618500800391589678e+02 2.552893779926996842e+02 2.552893779926996649e+04 2.629657622461567187e-02 5.259315244923135025e-04
5.080383973288814525e-01 2.583296676743908620e+02 2.518368041608631813e+02 2.518368041608631756e+04 2.779247640433512787e-02 5.558495280867025920e-04
5.268546342669881977e-01 2.553221827135308502e+02 2.484322983859103715e+02 2.484322983859103624e+04 2.936961492031610332e-02 5.873922984063220621e-04
5.456708712050949428e-01 2.518265777727615102e+02 2.450752236559200981e+02 2.450752236559200901e+04 3.103202492854544720e-02 6.206404985709089439e-04
5.644871081432015769e-01 2.480694157856470383e+02 2.417649503149646364e+02 2.417649503149646262e+04 3.278390803866151199e-02 6.556781607732302657e-04
5.833033450813083221e-01 2.444718941404890984e+02 2.385008560066459893e+02 2.385008560066459904e+04 3.462963883226816142e-02 6.925927766453632674e-04
6.021195820194150672e-01 2.418585249018084653e+02 2.352823256173401205e+02 2.352823256173401023e+04 3.657376929689144102e-02 7.314753859378288810e-04
6.209358189575218123e-01 2.388170217948678840e+02 2.321087512191703297e+02 2.321087512191703354e+04 3.862103315376110707e-02 7.724206630752221241e-04
6.397520558956285575e-01 2.349494288294924047e+02 2.289795320127260823e+02 2.289795320127260857e+04 4.077635005602189139e-02 8.155270011204378625e-04
6.585682928337351916e-01 2.316228912219284268e+02 2.258940742695630206e+02 2.258940742695630252e+04 4.304482963235706922e-02 8.608965926471414233e-04
6.773845297718419367e-01 2.282731808969037672e+02 2.228517912744962928e+02 2.228517912744962814e+04 4.543177534934643436e-02 9.086355069869286524e-04
6.962007667099486818e-01 2.258544077189827703e+02 2.198521032677136873e+02 2.198521032677136827e+04 4.794268816418430917e-02 9.588537632836862182e-04
7.150170036480554270e-01 2.231651199254497442e+02 2.168944373867284696e+02 2.168944373867284594e+04 5.058326993765797225e-02 1.011665398753159532e-03
7.338332405861620611e-01 2.195107232311778773e+02 2.139782276081951977e+02 2.139782276081951932e+04 5.335942657553928437e-02 1.067188531510785635e-03
7.526494775242688062e-01 2.162467333690597400e+02 2.111029146896016755e+02 2.111029146896016755e+04 5.627727086477703200e-02 1.125545417295540718e-03
7.714657144623755514e-01 2.132501687730265303e+02 2.082679461108707244e+02 2.082679461108707255e+04 5.934312496910594537e-02 1.186862499382118890e-03
7.902819514004822965e-01 2.121915872665543361e+02 2.054727760158706360e+02 2.054727760158706224e+04 6.256352254691707748e-02 1.251270450938341645e-03
8.090981883385890416e-01 2.086757108905076450e+02 2.027168651538762845e+02 2.027168651538762788e+04 6.594521045247106472e-02 1.318904209049421303e-03
8.279144252766956757e-01 2.052565577422704735e+02 1.999996808209773747e+02 1.999996808209773735e+04 6.949514997979758246e-02 1.389902999595951736e-03
8.467306622148024209e-01 2.025243683773936425e+02 1.973206968014672498e+02 1.973206968014672384e+04 7.322051760691247746e-02 1.464410352138249523e-03
8.655468991529091660e-01 1.996014392268862707e+02 1.946793933092221209e+02 1.946793933092221050e+04 7.712870519632293587e-02 1.542574103926458700e-03
8.843631360910159112e-01 1.976197033189186243e+02 1.920752569290889085e+02 1.920752569290889005e+04 8.122731960618166658e-02 1.624546392123633410e-03
9.031793730291226563e-01 1.944109503144605640e+02 1.895077805582961048e+02 1.895077805582961082e+04 8.552418166491886076e-02 1.710483633298377337e-03
9.219956099672292904e-01 1.915946020259771103e+02 1.869764633479107943e+02 1.869764633479107943e+04 9.002732446073127837e-02 1.800546489214625498e-03
9.408118469053360355e-01 1.891778417390607672e+02 1.844808106443427960e+02 1.844808106443427823e+04 9.474499089596617740e-02 1.894899817919323652e-03
9.596280838434427807e-01 1.865020183261258637e+02 1.820203339309291550e+02 1.820203339309291550e+04 9.968563045521225408e-02 1.993712609104245255e-03
9.784443207815495258e-01 1.842885760798997694e+02 1.795945507695982144e+02 1.795945507695982087e+04 1.048578951348266564e-01 2.097157902696533075e-03
9.972605577196561599e-01 1.820291724393904360e+02 1.772029847426318270e+02 1.772029847426318156e+04 1.102706344806999444e-01 2.205412689613999062e-03
1.016076794657762905e+00 1.868608359838800936e+02 1.748451653945471946e+02 1.748451653945471844e+04 1.159328896803096115e-01 2.318657793606192490e-03
1.034893031595869539e+00 1.840422120498780600e+02 1.725206281740966290e+02 1.725206281740966369e+04 1.218538866545632454e-01 2.437077733091264943e-03
1.053709268533976395e+00 1.780071175213125514e+02 1.702289143764110122e+02 1.702289143764110122e+04 1.280430280945976107e-01 2.560860561891952110e-03
1.072525505472083029e+00 1.747859581705917265e+02 1.679695710852933530e+02 1.679695710852933553e+04 1.345098843886089190e-01 2.690197687772178260e-03
1.091341742410189886e+00 1.716604508918836700e+02 1.657421511156734368e+02 1.657421511156734414e+04 1.412641833839637651e-01 2.825283667679275197e-03
1.110157979348296520e+00 1.715858008845657992e+02 1.635462129562402822e+02 1.635462129562402697e+04 1.483157989302933966e-01 2.966315978605867966e-03
1.128974216286403154e+00 1.740124954528122032e+02 1.613813207122560698e+02 1.613813207122560743e+04 1.556747381500494243e-01 3.113494763000988416e-03
1.147790453224510010e+00 1.700017969914734124e+02 1.592470440485692507e+02 1.592470440485692598e+04 1.633511273840927702e-01 3.267022547681855665e-03
1.166606690162616644e+00 1.661710685010745294e+02 1.571429581328352469e+02 1.571429581328352469e+04 1.713551967613517191e-01 3.427103935227034624e-03
1.185422927100723500e+00 1.648313453359076277e+02 1.550686435789495192e+02 1.550686435789495226e+04 1.796972633434195388e-01 3.593945266868390966e-03
1.204239164038830134e+00 1.607343069088634877e+02 1.530236863907119584e+02 1.530236863907119550e+04 1.883877127972027887e-01 3.767754255944055775e-03
1.223055400976936768e+00 1.579816278890209560e+02 1.510076779057242788e+02 1.510076779057242857e+04 1.974369795513991055e-01 3.948739591027982353e-03
1.241871637915043625e+00 1.629448700782448043e+02 1.490202147395330314e+02 1.490202147395330394e+04 2.068555253956948503e-01 4.137110507913896972e-03
1.260687874853150259e+00 1.614970260722637079e+02 1.470608987300254284e+02 1.470608987300254194e+04 2.166538164851548320e-01 4.333076329703096363e-03
1.279504111791257115e+00 1.547899876673075994e+02 1.451293368820881540e+02 1.451293368820881551e+04 2.268422987163461191e-01 4.536845974326922382e-03
1.298320348729363749e+00 1.537220792896860360e+02 1.432251413125339639e+02 1.432251413125339604e+04 2.374313714463090752e-01 4.748627428926181955e-03
1.317136585667470383e+00 1.503302128614269861e+02 1.413479291953074153e+02 1.413479291953074062e+04 2.484313595305908673e-01 4.968627190611817762e-03
1.335952822605577239e+00 1.480846160073093358e+02 1.394973227069747281e+02 1.394973227069747190e+04 2.598524836621846079e-01 5.197049673243692158e-03
1.354769059543683873e+00 1.475260434484758321e+02 1.376729489725040310e+02 1.376729489725040366e+04 2.717048289994032917e-01 5.434096579988065626e-03
1.373585296481790730e+00 1.447447400621274767e+02 1.358744400113480992e+02 1.358744400113480879e+04 2.839983120774568492e-01 5.679966241549137297e-03
1.392401533419897364e+00 1.430625538722063936e+02 1.341014326838266868e+02 1.341014326838266970e+04 2.967426460058065207e-01 5.934852920116130866e-03
1.411217770358003998e+00 1.429715253681227125e+02 1.323535686378250205e+02 1.323535686378250102e+04 3.099473039612461456e-01 6.198946079224922946e-03
1.430034007296110854e+00 1.394655742597068411e+02 1.306304942558067808e+02 1.306304942558067705e+04 3.236214809951004634e-01 6.472429619902009094e-03
1.448850244234217488e+00 1.386964435631896322e+02 1.289318606021497828e+02 1.289318606021497908e+04 3.377740541819405085e-01 6.755481083638810100e-03
1.467666481172324122e+00 1.412282708411307226e+02 1.272573233708128129e+02 1.272573233708128100e+04 3.524135411467771428e-01 7.048270822935543203e-03
1.486482718110430978e+00 1.356343141377023471e+02 1.256065428333311473e+02 1.256065428333311502e+04 3.675480570178049633e-01 7.350961140356099613e-03
1.505298955048537612e+00 1.329189216509632558e+02 1.239791837871537297e+02 1.239791837871537246e+04 3.831852698623975373e-01 7.663705397247950503e-03
1.524115191986644469e+00 1.305478267590525263e+02 1.223749155043231980e+02 1.223749155043231985e+04 3.993323546752020059e-01 7.986647093504040812e-03
1.542931428924751103e+00 1.309950825010834876e+02 1.207934116804997728e+02 1.207934116804997757e+04 4.159959459987842001e-01 8.319918919975684973e-03
1.561747665862857737e+00 1.328908313880820060e+02 1.192343503843409138e+02 1.192343503843409053e+04 4.331820892693439284e-01 8.663641785386878499e-03
1.580563902800964593e+00 1.288983831762637067e+02 1.176974140072326236e+02 1.176974140072326190e+04 4.508961909924774636e-01 9.017923819849549966e-03
1.599380139739071227e+00 1.276633269228121463e+02 1.161822892133823046e+02 1.161822892133823007e+04 4.691429678667832781e-01 9.382859357335666603e-03
1.618196376677178083e+00 1.286626478174401598e+02 1.146886668902709800e+02 1.146886668902709789e+04 4.879263949862439054e-01 9.758527899724879148e-03
1.637012613615284717e+00 1.278799696146667628e+02 1.132162420994750960e+02 1.132162420994750937e+04 5.072496532656846080e-01 1.014499306531369167e-02
1.655828850553391351e+00 1.317531531281947252e+02 1.117647140278531879e+02 1.117647140278531879e+04 5.271150762471851214e-01 1.054230152494370180e-02
1.674645087491498208e+00 1.279206205243812349e+02 1.103337859391063631e+02 1.103337859391063648e+04 5.475240964589990211e-01 1.095048192917998098e-02
1.693461324429604842e+00 1.328205822247049070e+02 1.089231651257126288e+02 1.089231651257126214e+04 5.684771915122531771e-01 1.136954383024506299e-02
1.712277561367711698e+00 1.216118998635808168e+02 1.075325628612367694e+02 1.075325628612367655e+04 5.899738301343893099e-01 1.179947660268778654e-02
1.731093798305818332e+00 1.203542203427611668e+02 1.061616943530207635e+02 1.061616943530207573e+04 6.120124183518337313e-01 1.224024836703667407e-02
1.749910035243924966e+00 1.414931065053254997e+02 1.048102786952526202e+02 1.048102786952526185e+04 6.345902460477305107e-01 1.269180492095461042e-02
1.768726272182031822e+00 1.280818275356584195e+02 1.034780388224210554e+02 1.034780388224210583e+04 6.577034341335348255e-01 1.315406868267069741e-02
1.787542509120138456e+00 1.234358118983538759e+02 1.021647014631533210e+02 1.021647014631533239e+04 6.813468825858383093e-01 1.362693765171676605e-02
1.806358746058245313e+00 1.200374304687772167e+02 1.008699970944368971e+02 1.008699970944368943e+04 7.055142196118013853e-01 1.411028439223602736e-02
1.825174982996351947e+00 1.265998957168293515e+02 9.959365989623405824e+01 9.959365989623405767e+03 7.301977522179238234e-01 1.460395504435847702e-02
1.843991219934458581e+00 1.147070592660562056e+02 9.833542770647851228e+01 9.833542770647851285e+03 7.553884184674586333e-01 1.510776836934917336e-02
1.862807456872565437e+00 1.126374243171457437e+02 9.709504197646764112e+01 9.709504197646763714e+03 7.810757417214353460e-01 1.562151483442870796e-02
1.881623693810672071e+00 1.191727779171851012e+02 9.587224772664174566e+01 9.587224772664174452e+03 8.072477871669195837e-01 1.614495574333839334e-02
1.900439930748778705e+00 1.170282785307670821e+02 9.466679350275633453e+01 9.466679350275633624e+03 8.338911209436123961e-01 1.667782241887224778e-02
1.919256167686885561e+00 1.081872328439533248e+02 9.347843133244521141e+01 9.347843133244521596e+03 8.609907721861215224e-01 1.721981544372242975e-02
1.938072404624992195e+00 1.076765389055667583e+02 9.230691668217843926e+01 9.230691668217843471e+03 8.885301983040272411e-01 1.777060396608054482e-02
1.956888641563099052e+00 1.239839444094290286e+02 9.115200841461052050e+01 9.115200841461051823e+03 9.164912538251576146e-01 1.832982507650315201e-02
1.975704878501205686e+00 1.132281205778325841e+02 9.001346874632280048e+01 9.001346874632279651e+03 9.448541631290917620e-01 1.889708326258183677e-02
1.994521115439312320e+00 1.079854738709155129e+02 8.889106320596077637e+01 8.889106320596078149e+03 9.735974973977692404e-01 1.947194994795538661e-02
2.013337352377419176e+00 1.100017063044221004e+02 8.778456059276054191e+01 8.778456059276053566e+03 1.002698156108036809e+00 2.005396312216073743e-02
2.032153589315525810e+00 1.023638108604980204e+02 8.669373293547312187e+01 8.669373293547312642e+03 1.032131353386915862e+00 2.064262706773831862e-02
2.050969826253632444e+00 1.041827730538026344e+02 8.561835545167733130e+01 8.561835545167732562e+03 1.061870609544267374e+00 2.123741219088534637e-02
2.069786063191739078e+00 1.172243643566512645e+02 8.455820650748779599e+01 8.455820650748779371e+03 1.091887748089147570e+00 2.183775496178295278e-02
2.088602300129846157e+00 1.260152687774129419e+02 8.351306757765372879e+01 8.351306757765372822e+03 1.122152898525618170e+00 2.244305797051236381e-02
2.107418537067952791e+00 1.045035129422136038e+02 8.248272320604900187e+01 8.248272320604899505e+03 1.152634505210774707e+00 2.305269010421549455e-02
2.126234774006059425e+00 1.076046133697064420e+02 8.146696096655361430e+01 8.146696096655361544e+03 1.183299342542455390e+00 2.366598685084910988e-02
2.145051010944166059e+00 9.956200239964650223e+01 8.046557142432351384e+01 8.046557142432351611e+03 1.214112536726288605e+00 2.428225073452577182e-02
2.163867247882272693e+00 1.070259660539616107e+02 7.947834809745047835e+01 7.947834809745048005e+03 1.245037594351482424e+00 2.490075188702964987e-02
2.182683484820379771e+00 1.081201980101824205e+02 7.850508741901045084e+01 7.850508741901045141e+03 1.276036437982058791e+00 2.552072875964117582e-02
2.201499721758486405e+00 9.750157609135965231e+01 7.754558869949696032e+01 7.754558869949695691e+03 1.307069448944965462e+00 2.614138897889931035e-02
2.220315958696593039e+00 9.458519345190534011e+01 7.659965408964170308e+01 7.659965408964170820e+03 1.338095517468941731e+00 2.676191034937883476e-02
2.239132195634699674e+00 9.178866303597776266e+01 7.566708854361955616e+01 7.566708854361954764e+03 1.369072100297843209e+00 2.738144200595686584e-02
2.257948432572806308e+00 1.349732146876960996e+02 7.474769911987777959e+01 7.474769911987777959e+03 1.399955305643633796e+00 2.799910611287267578e-02
2.276764669510913386e+00 2.229407588288408419e+02 7.384115683922405537e+01 7.384115683922404969e+03 1.430704232058569225e+00 2.861408464117138478e-02
2.295580906449020020e+00 1.766118944918102898e+02 7.294683623672983686e+01 7.294683623672984140e+03 1.461286893569174072e+00 2.922573787138348089e-02
2.314397143387126654e+00 1.570163981460317757e+02 7.206409493110854214e+01 7.206409493110853873e+03 1.491672698254536522e+00 2.983345396509073238e-02
2.333213380325233288e+00 1.511255265245142425e+02 7.119231575540221968e+01 7.119231575540222366e+03 1.521831278510531460e+00 3.043662557021063059e-02
2.352029617263339922e+00 1.577192059378065494e+02 7.033090600085476751e+01 7.033090600085476581e+03 1.551732557939024426e+00 3.103465115878048866e-02
2.370845854201447001e+00 1.411434582467743155e+02 6.947929670917370970e+01 6.947929670917371368e+03 1.581346817031242580e+00 3.162693634062484910e-02
2.389662091139553635e+00 1.307811038737256126e+02 6.863694201027342956e+01 6.863694201027343297e+03 1.610644757425631735e+00 3.221289514851263802e-02
2.408478328077660269e+00 2.630345212468854470e+02 6.780331850272229133e+01 6.780331850272229531e+03 1.639597564529681861e+00 3.279195129059363917e-02
2.427294565015766903e+00 1.582737277006966963e+02 6.697792467423252560e+01 6.697792467423251765e+03 1.668176968305173702e+00 3.336353936610347154e-02
2.446110801953873537e+00 1.864165666118846616e+02 6.616028035963798004e+01 6.616028035963797265e+03 1.696355302027143797e+00 3.392710604054288009e-02
2.464927038891980615e+00 1.587299322924626495e+02 6.534992623390910182e+01 6.534992623390910012e+03 1.724105558838373575e+00 3.448211117676747151e-02
2.483743275830087249e+00 1.415653638478250400e+02 6.454642333784643426e+01 6.454642333784642688e+03 1.751401445933384649e+00 3.502802891866769325e-02
2.502559512768193883e+00 1.270360146068468765e+02 6.374935263417848574e+01 6.374935263417848546e+03 1.778217436218653802e+00 3.556434872437307798e-02
2.521375749706300518e+00 1.555500370175969920e+02 6.295831459187778023e+01 6.295831459187777909e+03 1.804528817308946653e+00 3.609057634617893195e-02
2.540191986644407152e+00 1.247708219368939808e+02 6.217292879657399141e+01 6.217292879657398771e+03 1.830311737733258504e+00 3.660623475466517202e-02
2.559008223582514230e+00 1.197768022725197739e+02 6.139283358502380139e+01 6.139283358502379997e+03 1.855543250237742470e+00 3.711086500475484912e-02
2.577824460520620864e+00 1.569920092998119117e+02 6.061768570165608594e+01 6.061768570165608253e+03 1.880201352087079503e+00 3.760402704174158756e-02
2.596640697458727498e+00 1.244967306609012638e+02 5.984715997527577258e+01 5.984715997527577201e+03 1.904265022280010156e+00 3.808530044560020505e-02
2.615456934396834132e+00 1.493710232493601495e+02 5.908094901406875010e+01 5.908094901406874669e+03 1.927714255608995897e+00 3.855428511217991877e-02
2.634273171334940766e+00 1.189751186811971735e+02 5.831876291710451454e+01 5.831876291710451369e+03 1.950530093508254792e+00 3.901060187016509861e-02
2.653089408273047844e+00 1.234991429810920351e+02 5.756032900058622914e+01 5.756032900058622545e+03 1.972694651648557951e+00 3.945389303297115735e-02
2.671905645211154479e+00 1.147671159125043090e+02 5.680539153715065481e+01 5.680539153715065368e+03 1.994191144251133530e+00 3.988382288502267253e-02
2.690721882149261113e+00 1.361719175297698143e+02 5.605371150656450396e+01 5.605371150656450482e+03 2.015003905106759419e+00 4.030007810213519226e-02
2.709538119087367747e+00 2.679430521775217926e+02 5.530506635621743072e+01 5.530506635621743044e+03 2.035118405299521704e+00 4.070236810599043437e-02
2.728354356025474381e+00 1.701758312058011029e+02 5.455924976985224362e+01 5.455924976985224021e+03 2.054521267647743787e+00 4.109042535295487353e-02
2.747170592963581459e+00 1.663375895620234246e+02 5.381607144302203949e+01 5.381607144302203778e+03 2.073200277887194076e+00 4.146400555774388402e-02
2.765986829901688093e+00 1.491962401349229594e+02 5.307535686380845164e+01 5.307535686380844709e+03 2.091144392633780491e+00 4.182288785267561371e-02
2.784803066839794727e+00 1.290271715489069777e+02 5.233694709737573447e+01 5.233694709737573248e+03 2.108343744174526080e+00 4.216687488349052382e-02
2.803619303777901361e+00 1.344043234158594657e+02 5.160069857298913831e+01 5.160069857298914030e+03 2.124789642146593938e+00 4.249579284293188153e-02
2.822435540716007996e+00 1.189166395828153497e+02 5.086648287216107178e+01 5.086648287216106837e+03 2.140474572174536405e+00 4.280949144349072838e-02
2.841251777654114630e+00 1.155303595426630920e+02 5.013418651664097325e+01 5.013418651664097524e+03 2.155392191545675740e+00 4.310784383091351840e-02
2.860068014592221708e+00 1.138269518340615036e+02 4.940371075501030873e+01 4.940371075501030646e+03 2.169537322012560221e+00 4.339074644025120442e-02
2.878884251530328342e+00 1.361295963154425976e+02 4.867497134669055470e+01 4.867497134669055413e+03 2.182905939819828500e+00 4.365811879639656945e-02
2.897700488468434976e+00 1.123859223611531490e+02 4.794789834221970892e+01 4.794789834221970523e+03 2.195495163060461774e+00 4.390990326120923493e-02
2.916516725406541610e+00 3.434569339653448878e+02 4.722243585871034810e+01 4.722243585871035066e+03 2.207303236473299624e+00 4.414606472946599330e-02
2.935332962344648244e+00 3.791321046361103413e+02 4.649854184944239677e+01 4.649854184944239933e+03 2.218329513799910835e+00 4.436659027599821475e-02
2.954149199282755323e+00 2.549220015288327659e+02 4.577618786661042094e+01 4.577618786661041668e+03 2.228574437824344834e+00 4.457148875648690028e-02
2.972965436220861957e+00 2.045289908157389505e+02 4.505535881628997430e+01 4.505535881628997231e+03 2.238039518223995827e+00 4.476079036447992016e-02
2.991781673158968591e+00 1.886849261941033546e+02 4.433605270475323579e+01 4.433605270475323778e+03 2.246727307363806769e+00 4.493454614727613455e-02
3.010597910097075225e+00 1.703217916439962778e+02 4.361828037531761737e+01 4.361828037531761765e+03 2.254641374169280343e+00 4.509282748338560437e-02
3.029414147035181859e+00 1.672477710959232411e+02 4.290206523497628410e+01 4.290206523497628041e+03 2.261786276216328773e+00 4.523572552432657962e-02
3.048230383973288937e+00 1.602318419929040374e+02 4.218744297012295164e+01 4.218744297012294737e+03 2.268167530177841229e+00 4.536335060355682625e-02
3.067046620911395571e+00 1.515159480159359475e+02 4.147446125074659307e+01 4.147446125074658994e+03 2.273791580768031562e+00 4.547583161536063179e-02
3.085862857849502205e+00 1.438065243988261273e+02 4.076317942254156890e+01 4.076317942254156605e+03 2.278665768326176178e+00 4.557331536652352300e-02
3.104679094787608840e+00 1.491726587747481290e+02 4.005366818644974103e+01 4.005366818644974046e+03 2.282798295181241333e+00 4.565596590362482748e-02
3.123495331725715474e+00 1.260213224238577254e+02 3.934600926521999043e+01 3.934600926521998645e+03 2.286198190938236063e+00 4.572396381876472210e-02
3.142311568663822552e+00 1.459348952730341864e+02 3.864029505664552033e+01 3.864029505664552289e+03 2.288875276825843574e+00 4.577750553651687565e-02
3.161127805601929186e+00 1.300114814992410857e+02 3.793662827321792719e+01 3.793662827321792520e+03 2.290840129243127077e+00 4.581680258486254403e-02
3.179944042540035820e+00 1.450848317179106743e+02 3.723512156800707373e+01 3.723512156800707544e+03 2.292104042640791040e+00 4.584208085281581829e-02
3.198760279478142454e+00 1.626500904090082145e+02 3.653589714666388488e+01 3.653589714666388318e+03 2.292678991869711691e+00 4.585357983739423576e-02
3.217576516416249088e+00 1.629461382643318359e+02 3.583908636551394267e+01 3.583908636551394011e+03 2.292577594126286478e+00 4.585155188252573039e-02
3.236392753354356167e+00 1.325589764037253531e+02 3.514482931579735236e+01 3.514482931579735123e+03 2.291813070620511539e+00 4.583626141241023411e-02
3.255208990292462801e+00 1.203902316311578886e+02 3.445327439418920079e+01 3.445327439418920221e+03 2.290399208088780281e+00 4.580798416177560978e-02
3.274025227230569435e+00 1.221344824139610523e+02 3.376457785981872206e+01 3.376457785981871893e+03 2.288350320269093796e+00 4.576700640538187981e-02
3.292841464168676069e+00 1.153966280784182459e+02 3.307890337808584036e+01 3.307890337808584263e+03 2.285681209451793094e+00 4.571362418903586466e-02
3.311657701106782703e+00 1.064839270932503439e+02 3.239642155166085757e+01 3.239642155166086013e+03 2.282407128214114067e+00 4.564814256428228328e-02
3.330473938044889781e+00 1.142879624742181335e+02 3.171730943913121337e+01 3.171730943913121337e+03 2.278543741441792836e+00 4.557087482883585838e-02
3.349290174982996415e+00 1.945753802526174923e+02 3.104175006184393837e+01 3.104175006184393624e+03 2.274107088735751070e+00 4.548214177471502501e-02
3.368106411921103049e+00 1.482758271720331038e+02 3.036993189957289019e+01 3.036993189957288905e+03 2.269113547296460975e+00 4.538227094592921923e-02
3.386922648859209684e+00 1.187331849566794943e+02 2.970204837571919754e+01 2.970204837571919597e+03 2.263579795373135806e+00 4.527159590746271389e-02
3.405738885797316318e+00 1.082997374285667291e+02 2.903829733283266634e+01 2.903829733283266705e+03 2.257522776359260241e+00 4.515045552718520427e-02
3.424555122735423396e+00 1.017746404427819016e+02 2.837888049931565959e+01 2.837888049931566002e+03 2.250959663610353712e+00 4.501919327220707534e-02
3.443371359673530030e+00 9.887300942345251542e+01 2.772400294824824840e+01 2.772400294824824869e+03 2.243907826054192256e+00 4.487815652108384512e-02
3.462187596611636664e+00 9.529777880154932745e+01 2.707387254934038623e+01 2.707387254934038538e+03 2.236384794658002217e+00 4.472769589316004379e-02
3.481003833549743298e+00 9.388109287836520878e+01 2.642869941508773479e+01 2.642869941508773536e+03 2.228408229811547514e+00 4.456816459623095389e-02
3.499820070487849932e+00 9.559209355471367076e+01 2.578869534226982196e+01 2.578869534226982069e+03 2.219995889679388323e+00 4.439991779358776897e-02
3.518636307425957011e+00 8.926820900495351907e+01 2.515407324999123517e+01 2.515407324999123375e+03 2.211165599570084073e+00 4.422331199140168423e-02
3.537452544364063645e+00 1.378849795244237839e+02 2.452504661551933651e+01 2.452504661551933623e+03 2.201935222364699740e+00 4.403870444729399841e-02
3.556268781302170279e+00 1.185571493673706840e+02 2.390182890922723757e+01 2.390182890922723800e+03 2.192322630041612985e+00 4.384645260083225998e-02
3.575085018240276913e+00 1.056720376061536797e+02 2.328463302999312390e+01 2.328463302999312418e+03 2.182345676329501494e+00 4.364691352659003099e-02
3.593901255178383547e+00 1.155980377126334986e+02 2.267367074244928205e+01 2.267367074244928062e+03 2.172022170515279793e+00 4.344044341030559725e-02
3.612717492116490625e+00 1.044493223620086866e+02 2.206915211750897399e+01 2.206915211750897470e+03 2.161369852428943528e+00 4.322739704857887083e-02
3.631533729054597259e+00 1.074303042202377299e+02 2.147128497762824040e+01 2.147128497762823827e+03 2.150406368622543418e+00 4.300812737245086892e-02
3.650349965992703893e+00 1.083147767563177268e+02 2.088027434828019224e+01 2.088027434828019068e+03 2.139149249755995186e+00 4.278298499511990621e-02
3.669166202930810528e+00 1.024705295644406675e+02 2.029632191713877987e+01 2.029632191713878001e+03 2.127615889198138710e+00 4.255231778396277587e-02
3.687982439868917162e+00 1.003427553061310391e+02 1.971962550247483037e+01 1.971962550247483023e+03 2.115823522847319893e+00 4.231647045694639925e-02
3.706798676807023796e+00 9.876908029731477257e+01 1.915037853227021003e+01 1.915037853227020832e+03 2.103789210171860269e+00 4.207578420343720954e-02
3.725614913745130874e+00 1.103725296933505149e+02 1.858876953555160938e+01 1.858876953555160981e+03 2.091529816467128544e+00 4.183059632934257172e-02
3.744431150683237508e+00 9.333721248112826174e+01 1.803498164743196597e+01 1.803498164743196412e+03 2.079061996322378647e+00 4.158123992644757044e-02
3.763247387621344142e+00 8.652778936979603941e+01 1.748919212932753098e+01 1.748919212932753226e+03 2.066402178287357394e+00 4.132804356574714538e-02
3.782063624559450776e+00 8.200043096205203597e+01 1.695157190579261197e+01 1.695157190579261169e+03 2.053566550725595796e+00 4.107133101451191509e-02
3.800879861497557410e+00 8.495235959558277727e+01 1.642228511937771529e+01 1.642228511937771600e+03 2.040571048838500268e+00 4.081142097677000619e-02
3.819696098435664489e+00 9.420203015296132776e+01 1.590148870487574051e+01 1.590148870487573959e+03 2.027431342841798934e+00 4.054862685683598145e-02
3.838512335373771123e+00 8.191185524446584054e+01 1.538933198427130122e+01 1.538933198427130037e+03 2.014162827273520140e+00 4.028325654547040141e-02
3.857328572311877757e+00 1.341434293684017121e+02 1.488595628365095536e+01 1.488595628365095536e+03 2.000780611410519771e+00 4.001561222821039404e-02
3.876144809249984391e+00 1.360621984441363281e+02 1.439149457326988824e+01 1.439149457326988795e+03 1.987299510768664623e+00 3.974599021537329052e-02
3.894961046188091025e+00 1.106141970045698599e+02 1.390607113189895472e+01 1.390607113189895472e+03 1.973734039660045569e+00 3.947468079320091278e-02
3.913777283126198103e+00 1.242787930418178775e+02 1.342980123649990709e+01 1.342980123649990674e+03 1.960098404779068826e+00 3.920196809558137985e-02
3.932593520064304737e+00 1.017040887817584007e+02 1.296279087819343445e+01 1.296279087819343431e+03 1.946406499787945776e+00 3.892812999575891858e-02
3.951409757002411371e+00 9.755895107205891748e+01 1.250513650539581967e+01 1.250513650539581931e+03 1.932671900871009818e+00 3.865343801742019553e-02
3.970225993940518006e+00 9.954720629110533991e+01 1.205692479490562441e+01 1.205692479490562391e+03 1.918907863226292143e+00 3.837815726452584175e-02
3.989042230878624640e+00 8.969827357686692437e+01 1.161823245162302598e+01 1.161823245162302555e+03 1.905127318462068731e+00 3.810254636924137461e-02
4.007858467816731718e+00 8.613112542042544817e+01 1.118912603748018775e+01 1.118912603748018682e+03 1.891342872865471758e+00 3.782685745730943877e-02
4.026674704754838352e+00 9.277054390218815172e+01 1.076966183005378142e+01 1.076966183005378070e+03 1.877566806509852082e+00 3.755133613019704525e-02
4.045490941692944986e+00 9.014713990870396287e+01 1.035988571121927926e+01 1.035988571121927862e+03 1.863811073167285226e+00 3.727622146334570730e-02
4.064307178631051620e+00 8.208916990413422354e+01 9.959833086093357934e+00 9.959833086093357224e+02 1.850087300992502293e+00 3.700174601985004724e-02
4.083123415569158254e+00 7.499340786690578398e+01 9.569528832393645601e+00 9.569528832393644961e+02 1.836406793944554527e+00 3.672813587889109388e-02
4.101939652507264888e+00 7.106370981167077616e+01 9.188987280228081644e+00 9.188987280228082000e+02 1.822780533912656598e+00 3.645561067825313362e-02
4.120755889445371523e+00 7.746365078257294101e+01 8.818212222207119311e+00 8.818212222207118884e+02 1.809219183512922768e+00 3.618438367025845342e-02
4.139572126383478157e+00 6.859386253693527635e+01 8.457196953652751148e+00 8.457196953652750153e+02 1.795733089523129156e+00 3.591466179046258478e-02
4.158388363321585679e+00 8.165138893869165315e+01 8.105924342560218321e+00 8.105924342560217610e+02 1.782332286923116849e+00 3.564664573846233753e-02
4.177204600259692313e+00 9.295688169431241477e+01 7.764366928850308547e+00 7.764366928850308796e+02 1.769026503509047554e+00 3.538053007018095164e-02
4.196020837197798947e+00 1.151096032834598475e+02 7.432487052334315614e+00 7.432487052334315649e+02 1.755825165050450387e+00 3.511650330100900969e-02
4.214837074135905581e+00 7.480360859977572829e+01 7.110237008700717176e+00 7.110237008700717070e+02 1.742737400959743166e+00 3.485474801919486582e-02
4.233653311074012215e+00 8.444332118090152051e+01 6.797559232721927636e+00 6.797559232721927174e+02 1.729772050444819076e+00 3.459544100889638124e-02
4.252469548012118850e+00 8.738566367847312222e+01 6.494386507772985873e+00 6.494386507772985624e+02 1.716937669116184839e+00 3.433875338232370011e-02
4.271285784950225484e+00 7.073041508422980428e+01 6.200642200651921065e+00 6.200642200651921030e+02 1.704242536021169929e+00 3.408485072042340136e-02
4.290102021888332118e+00 6.695837446647817615e+01 5.916240520594255869e+00 5.916240520594255941e+02 1.691694661078783080e+00 3.383389322157566437e-02
4.308918258826438752e+00 6.457903940080949212e+01 5.641086801282352958e+00 5.641086801282352781e+02 1.679301792889897893e+00 3.358603585779795786e-02
4.327734495764545386e+00 1.060389583242777434e+02 5.375077804564644346e+00 5.375077804564643884e+02 1.667071426898646402e+00 3.334142853797292944e-02
4.346550732702652908e+00 7.777677542908841701e+01 5.118102044520897564e+00 5.118102044520897493e+02 1.655010813882078269e+00 3.310021627764156427e-02
4.365366969640759542e+00 6.784202797111535688e+01 4.870040130437751635e+00 4.870040130437751600e+02 1.643126968746418726e+00 3.286253937492837618e-02
4.384183206578866177e+00 6.314929892665592348e+01 4.630765127193733122e+00 4.630765127193733406e+02 1.631426679609535801e+00 3.262853359219071436e-02
4.402999443516972811e+00 6.718664460759865165e+01 4.400142931497221355e+00 4.400142931497221639e+02 1.619916517150542079e+00 3.239833034301084491e-02
4.421815680455079445e+00 7.005372530451950297e+01 4.178032662371363948e+00 4.178032662371363699e+02 1.608602844208805616e+00 3.217205688417611176e-02
4.440631917393186079e+00 8.538218294423717225e+01 3.964287064240509029e+00 3.964287064240509153e+02 1.597491825616002004e+00 3.194983651232004285e-02
4.459448154331292713e+00 6.960597979370666621e+01 3.758752920940933606e+00 3.758752920940933677e+02 1.586589438246241768e+00 3.173178876492483563e-02
4.478264391269399347e+00 6.964902885990292702e+01 3.561271478955894132e+00 3.561271478955894167e+02 1.575901481270697291e+00 3.151802962541394582e-02
4.497080628207505981e+00 6.742568448302533568e+01 3.371678878161386450e+00 3.371678878161386592e+02 1.565433586604588090e+00 3.130867173209176541e-02
4.515896865145612615e+00 6.405392583777516791e+01 3.189807362989830253e+00 3.189807362989830040e+02 1.555191118363785430e+00 3.110382236727570957e-02
4.534713102083720138e+00 5.971208147208687222e+01 3.015513247111192285e+00 3.015513247111192072e+02 1.545175003716631190e+00 3.090350007433262380e-02
4.553529339021826772e+00 5.701796095281039101e+01 2.848677538310390833e+00 2.848677538310390673e+02 1.535380603723371706e+00 3.070761207446743440e-02
4.572345575959933406e+00 6.018168942844675229e+01 2.689166523345357440e+00 2.689166523345357405e+02 1.525803030510521019e+00 3.051606061021042149e-02
4.591161812898040040e+00 5.528440338607009608e+01 2.536831046672678447e+00 2.536831046672678553e+02 1.516437520870272726e+00 3.032875041740545549e-02
4.609978049836146674e+00 5.315966329554001391e+01 2.391508469730607711e+00 2.391508469730607658e+02 1.507279432318624046e+00 3.014558864637248078e-02
4.628794286774253308e+00 5.388144283125089373e+01 2.253024540560632616e+00 2.253024540560632545e+02 1.498324239283927550e+00 2.996648478567855156e-02
4.647610523712359942e+00 5.241210298371191101e+01 2.121195168413541055e+00 2.121195168413540841e+02 1.489567529421055303e+00 2.979135058842110814e-02
4.666426760650466576e+00 5.011711380506504554e+01 1.995828099332486838e+00 1.995828099332486829e+02 1.481005000046569986e+00 2.962010000093140069e-02
4.685242997588573211e+00 8.575254988298814851e+01 1.876724489952910968e+00 1.876724489952910915e+02 1.472632454690464554e+00 2.945264909380929108e-02
4.704059234526679845e+00 5.667102652016477293e+01 1.763680377903723340e+00 1.763680377903723411e+02 1.464445799760225153e+00 2.928891599520450431e-02
4.722875471464787367e+00 5.232623197568382523e+01 1.656488048234621147e+00 1.656488048234621147e+02 1.456441041313125462e+00 2.912882082626250951e-02
4.741691708402894001e+00 5.423015283211316984e+01 1.554937296230058719e+00 1.554937296230058621e+02 1.448614281932840031e+00 2.897228563865680145e-02
4.760507945341000635e+00 5.033668618239155990e+01 1.458816587802843179e+00 1.458816587802843117e+02 1.440961717706600531e+00 2.881923435413201104e-02
4.779324182279107269e+00 4.843330552684057011e+01 1.367914119391700156e+00 1.367914119391700183e+02 1.433479635299289123e+00 2.866959270598578441e-02
4.798140419217213903e+00 6.377221422223527725e+01 1.282018779920673257e+00 1.282018779920673239e+02 1.426164409120985965e+00 2.852328818241971903e-02
4.816956656155320537e+00 5.874579844435165654e+01 1.200921017918156641e+00 1.200921017918156650e+02 1.419012498584639737e+00 2.838024997169279542e-02
4.835772893093427172e+00 5.166656348437268775e+01 1.124413617344552696e+00 1.124413617344552705e+02 1.412020445450653749e+00 2.824040890901307471e-02
4.854589130031533806e+00 5.011593037860581745e+01 1.052292386045031947e+00 1.052292386045031947e+02 1.405184871255305890e+00 2.810369742510611737e-02
4.873405366969640440e+00 5.068378066346843980e+01 9.843567610337498053e-01 9.843567610337497342e+01 1.398502474820048302e+00 2.797004949640096577e-02
4.892221603907747074e+00 4.898936473174200756e+01 9.204103350336920730e-01 9.204103350336920641e+01 1.391970029838839551e+00 2.783940059677679144e-02
4.911037840845853708e+00 5.124311753681559622e+01 8.602613088484856174e-01 8.602613088484855552e+01 1.385584382540779869e+00 2.771168765081559807e-02
4.929854077783961230e+00 4.691875861165494399e+01 8.037228742350116528e-01 8.037228742350116306e+01 1.379342449425422723e+00 2.758684898850845627e-02
4.948670314722067864e+00 4.526734873652616642e+01 7.506135319845740339e-01 7.506135319845739673e+01 1.373241215068243370e+00 2.746482430136486935e-02
4.967486551660174499e+00 7.094260006156723364e+01 7.007573499117638605e-01 7.007573499117638960e+01 1.367277729993833457e+00 2.734555459987667025e-02
4.986302788598281133e+00 5.114685912202276796e+01 6.539841653998152982e-01 6.539841653998152537e+01 1.361449108614497527e+00 2.722898217228995194e-02
5.005119025536387767e+00 5.604710140555402376e+01 6.101297370646185936e-01 6.101297370646185669e+01 1.355752527232009008e+00 2.711505054464018183e-02
5.023935262474494401e+00 4.788861206418356176e+01 5.690358499820459270e-01 5.690358499820458604e+01 1.350185222100372728e+00 2.700370444200745484e-02
5.042751499412601035e+00 4.950406308911406938e+01 5.305503787797767323e-01 5.305503787797767501e+01 1.344744487547524958e+00 2.689488975095050138e-02
5.061567736350707669e+00 4.473187781435294852e+01 4.945273127300419680e-01 4.945273127300419702e+01 1.339427674153981451e+00 2.678855348307962805e-02
5.080383973288814303e+00 5.429268259500911142e+01 4.608267467978878207e-01 4.608267467978878074e+01 1.334232186986520574e+00 2.668464373973041329e-02
5.099200210226920937e+00 4.320083312737848757e+01 4.293148424046842049e-01 4.293148424046842138e+01 1.329155483885066991e+00 2.658310967770134009e-02
5.118016447165028460e+00 5.058917440127484610e+01 3.998637614622304604e-01 3.998637614622304426e+01 1.324195073801001321e+00 2.648390147602002614e-02
5.136832684103135094e+00 4.979307453923870241e+01 3.723515770221363930e-01 3.723515770221364107e+01 1.319348515185206461e+00 2.638697030370413046e-02
5.155648921041241728e+00 4.420658032215376920e+01 3.466621636710538468e-01 3.466621636710538468e+01 1.314613414424206983e+00 2.629226828848413994e-02
5.174465157979348362e+00 5.238493759000323990e+01 3.226850705874318992e-01 3.226850705874318948e+01 1.309987424322842209e+00 2.619974848645684543e-02
5.193281394917454996e+00 5.744734988164315581e+01 3.003153799617929720e-01 3.003153799617929920e+01 1.305468242631953713e+00 2.610936485263907342e-02
5.212097631855561630e+00 4.531227564460470347e+01 2.794535532721841298e-01 2.794535532721841165e+01 1.301053610619644640e+00 2.602107221239289420e-02
5.230913868793668264e+00 4.328055013126603257e+01 2.600052677009279667e-01 2.600052677009279734e+01 1.296741311684708631e+00 2.593482623369417275e-02
5.249730105731774898e+00 8.011921009247346603e+01 2.418812447794945752e-01 2.418812447794945797e+01 1.292529170010894290e+00 2.585058340021788650e-02
5.268546342669881533e+00 5.790733551951804259e+01 2.249970731563189219e-01 2.249970731563189119e+01 1.288415049260710488e+00 2.576830098521420975e-02
5.287362579607988167e+00 5.278230460083521081e+01 2.092730271985882018e-01 2.092730271985881885e+01 1.284396851307537224e+00 2.568793702615074573e-02
5.306178816546095689e+00 5.059151508320539392e+01 1.946338829640826551e-01 1.946338829640826518e+01 1.280472515004849265e+00 2.560945030009698434e-02
5.324995053484202323e+00 5.084897641376581845e+01 1.810087329135628698e-01 1.810087329135628664e+01 1.276640014991410554e+00 2.553280029982821220e-02
5.343811290422308957e+00 5.160041717467827738e+01 1.683308005782649663e-01 1.683308005782649630e+01 1.272897360531332955e+00 2.545794721062666008e-02
5.362627527360415591e+00 6.416301521547562459e+01 1.565372562510135568e-01 1.565372562510135523e+01 1.269242594387951728e+00 2.538485188775903637e-02
5.381443764298522225e+00 1.077049914653174767e+02 1.455690346332658425e-01 1.455690346332658258e+01 1.265673791730492992e+00 2.531347583460985887e-02
5.400260001236628860e+00 7.636070196098353335e+01 1.353706552440760713e-01 1.353706552440760724e+01 1.262189059072562847e+00 2.524378118145125666e-02
5.419076238174735494e+00 7.287343630676051021e+01 1.258900462803150544e-01 1.258900462803150511e+01 1.258786533241516015e+00 2.517573066483031960e-02
5.437892475112842128e+00 6.241280105141780865e+01 1.170783725102869793e-01 1.170783725102869788e+01 1.255464380377807165e+00 2.510928760755614525e-02
5.456708712050948762e+00 6.581526450383383064e+01 1.088898676848474301e-01 1.088898676848474345e+01 1.252220794963454953e+00 2.504441589926910058e-02
5.475524948989055396e+00 5.851451125823086841e+01 1.012816718609033106e-01 1.012816718609033018e+01 1.249053998878792315e+00 2.498107997757584645e-02
5.494341185927162918e+00 6.297877140615992886e+01 9.421367395137908440e-02 9.421367395137908218e+00 1.245962240486699679e+00 2.491924480973399525e-02
5.513157422865269552e+00 6.119444547678141078e+01 8.764835974294006571e-02 8.764835974294006959e+00 1.242943793743559011e+00 2.485887587487118147e-02
5.531973659803376187e+00 5.824981033321332546e+01 8.155066555753452684e-02 8.155066555753451851e+00 1.239996957336187755e+00 2.479993914672375468e-02
5.550789896741482821e+00 5.342790922750035776e+01 7.588783767571635752e-02 7.588783767571635863e+00 1.237120053844052769e+00 2.474240107688105428e-02
5.569606133679589455e+00 5.077263205472424090e+01 7.062929758824407211e-02 7.062929758824407322e+00 1.234311428926077925e+00 2.468622857852155808e-02
5.588422370617696089e+00 4.996386386964970683e+01 6.574651309720046244e-02 6.574651309720046299e+00 1.231569450531402543e+00 2.463138901062805058e-02
5.607238607555802723e+00 4.792408488748326079e+01 6.121287524835754973e-02 6.121287524835755001e+00 1.228892508133460515e+00 2.457785016266920974e-02
5.626054844493909357e+00 4.940190395314477456e+01 5.700358104229108491e-02 5.700358104229108491e+00 1.226279011986784129e+00 2.452558023973568438e-02
5.644871081432015991e+00 5.059949581242247518e+01 5.309552184238732625e-02 5.309552184238732764e+00 1.223727392405957293e+00 2.447454784811914710e-02
5.663687318370122625e+00 4.723539798240228293e+01 4.946717737297119666e-02 4.946717737297119832e+00 1.221236099066166370e+00 2.442472198132332808e-02
5.682503555308229259e+00 5.191281972009468149e+01 4.609851517990907338e-02 4.609851517990906977e+00 1.218803600324823710e+00 2.437607200649647560e-02
5.701319792246336782e+00 4.630233130006440234e+01 4.297089540882865349e-02 4.297089540882865322e+00 1.216428382563752963e+00 2.432856765127506052e-02
5.720136029184443416e+00 4.453518835133387199e+01 4.006698074218494748e-02 4.006698074218494554e+00 1.214108949551456096e+00 2.428217899102912136e-02
5.738952266122550050e+00 4.403665292692119237e+01 3.737065132544430818e-02 3.737065132544430845e+00 1.211843821824993839e+00 2.423687643649987886e-02
5.757768503060656684e+00 5.858173457382827110e+01 3.486692450434923651e-02 3.486692450434923707e+00 1.209631536091036352e+00 2.419263072182072788e-02
5.776584739998763318e+00 4.396009866566720348e+01 3.254187918924839051e-02 3.254187918924838829e+00 1.207470644645658453e+00 2.414941289291316906e-02
5.795400976936869952e+00 4.802881597386956258e+01 3.038258465857373442e-02 3.038258465857373469e+00 1.205359714812470173e+00 2.410719429624940541e-02
5.814217213874976586e+00 4.425507275110655314e+01 2.837703361145024056e-02 2.837703361145023973e+00 1.203297328398692967e+00 2.406594656797386017e-02
5.833033450813083221e+00 4.228268307976650675e+01 2.651407927890558902e-02 2.651407927890558902e+00 1.201282081168808524e+00 2.402564162337617049e-02
5.851849687751189855e+00 4.700164666663753366e+01 2.478337640399002478e-02 2.478337640399002506e+00 1.199312582335424260e+00 2.398625164670848547e-02
5.870665924689296489e+00 4.449833529655648334e+01 2.317532590312625790e-02 2.317532590312625818e+00 1.197387454067009305e+00 2.394774908134018540e-02
5.889482161627404011e+00 4.186911843185288262e+01 2.168102302400562106e-02 2.168102302400562120e+00 1.195505331012182371e+00 2.391010662024364852e-02
5.908298398565510645e+00 4.055910043853596392e+01 2.029220881917247199e-02 2.029220881917247254e+00 1.193664859840232184e+00 2.387329719680464368e-02
5.927114635503617279e+00 3.962612109433494112e+01 1.900122475894383198e-02 1.900122475894383101e+00 1.191864698797576949e+00 2.383729397595154079e-02
5.945930872441723913e+00 4.623545809176843591e+01 1.780097031237506955e-02 1.780097031237507066e+00 1.190103517279876844e+00 2.380207034559753826e-02
5.964747109379830547e+00 3.978060163265904237e+01 1.668486333047720580e-02 1.668486333047720427e+00 1.188379995419529545e+00 2.376759990839059228e-02
5.983563346317937182e+00 3.933044329658063987e+01 1.564680307172786056e-02 1.564680307172786167e+00 1.186692823688285214e+00 2.373385647376570484e-02
6.002379583256043816e+00 4.182257187090377926e+01 1.468113571599495397e-02 1.468113571599495293e+00 1.185040702514740474e+00 2.370081405029481059e-02
6.021195820194150450e+00 3.877105980920695316e+01 1.378262221923818795e-02 1.378262221923818753e+00 1.183422341916468445e+00 2.366844683832937044e-02
6.040012057132257084e+00 4.564010992426394608e+01 1.294640836769420274e-02 1.294640836769420211e+00 1.181836461146564599e+00 2.363672922293129364e-02
6.058828294070363718e+00 4.366021942908518128e+01 1.216799689663029121e-02 1.216799689663029094e+00 1.180281788354391459e+00 2.360563576708783057e-02
6.077644531008471240e+00 4.157813976579169690e+01 1.144322154511630968e-02 1.144322154511630885e+00 1.178757060260317457e+00 2.357514120520634929e-02
6.096460767946577874e+00 3.921408001935955667e+01 1.076822292457056164e-02 1.076822292457056074e+00 1.177261021844258737e+00 2.354522043688517599e-02
6.115277004884684509e+00 4.728840872260156658e+01 1.013942608504730079e-02 1.013942608504730059e+00 1.175792426047828521e+00 2.351584852095657194e-02
6.134093241822791143e+00 3.943081293227935902e+01 9.553519669320369861e-03 9.553519669320369445e-01 1.174350033489931056e+00 2.348700066979862028e-02
6.152909478760897777e+00 3.783590098216093622e+01 9.007436550752586507e-03 9.007436550752585536e-01 1.172932612195616509e+00 2.345865224391233128e-02
6.171725715699004411e+00 3.842112048365827803e+01 8.498335856705629271e-03 8.498335856705628855e-01 1.171538937338046926e+00 2.343077874676094061e-02
6.190541952637111045e+00 4.377258681893109582e+01 8.023586284823464379e-03 8.023586284823464032e-01 1.170167790993412948e+00 2.340335581986826077e-02
6.209358189575217679e+00 3.754209836138300460e+01 7.580750624901083819e-03 7.580750624901083645e-01 1.168817961908659386e+00 2.337635923817318884e-02
6.228174426513324313e+00 4.447658269149724930e+01 7.167571404222039706e-03 7.167571404222039533e-01 1.167488245281876003e+00 2.334976490563752186e-02
6.246990663451430947e+00 4.599274218751691023e+01 6.781957579206130890e-03 6.781957579206130404e-01 1.166177442555222932e+00 2.332354885110446072e-02
6.265806900389538470e+00 6.179961389831765928e+01 6.421972200949301220e-03 6.421972200949300769e-01 1.164884361220263287e+00 2.329768722440526615e-02
6.284623137327645104e+00 4.621707637179799377e+01 6.085820986761129869e-03 6.085820986761130147e-01 1.163607814635579496e+00 2.327215629271158978e-02
6.303439374265751738e+00 5.120787151413467342e+01 5.771841734110162193e-03 5.771841734110162436e-01 1.162346621856558571e+00 2.324693243713117294e-02
6.322255611203858372e+00 4.109293745966333233e+01 5.478494517478345316e-03 5.478494517478345038e-01 1.161099607477233731e+00 2.322199214954467558e-02
6.341071848141965006e+00 4.457993276139132632e+01 5.204352612503829537e-03 5.204352612503829745e-01 1.159865601484077136e+00 2.319731202968154313e-02
6.359888085080071640e+00 4.745992063312638010e+01 4.948094095463525209e-03 4.948094095463525521e-01 1.158643439121637364e+00 2.317286878243274631e-02
6.378704322018178274e+00 4.206455928388527354e+01 4.708494069616581297e-03 4.708494069616581124e-01 1.157431960769927937e+00 2.314863921539855873e-02
6.397520558956284908e+00 5.020558037398577511e+01 4.484417473204990907e-03 4.484417473204990734e-01 1.156230011833466742e+00 2.312460023666933553e-02
6.416336795894391543e+00 4.145624059981933840e+01 4.274812426993634257e-03 4.274812426993633840e-01 1.155036442641877992e+00 2.310072885283756192e-02
6.435153032832498177e+00 4.002633402027114329e+01 4.078704082136719138e-03 4.078704082136718756e-01 1.153850108361963667e+00 2.307700216723927375e-02
6.453969269770604811e+00 3.840068665379916979e+01 3.895188931888548048e-03 3.895188931888547978e-01 1.152669868921163410e+00 2.305339737842326819e-02
6.472785506708712333e+00 5.762842970390496333e+01 3.723429553240675816e-03 3.723429553240675816e-01 1.151494588942311603e+00 2.302989177884623082e-02
6.491601743646818967e+00 4.377654751388620724e+01 3.562649746973424285e-03 3.562649746973424181e-01 1.150323137689616138e+00 2.300646275379232206e-02
6.510417980584925601e+00 5.035360429315585407e+02 3.412130046864231877e-03 3.412130046864231825e-01 1.149154389025772716e+00 2.298308778051545362e-02
6.529234217523032235e+00 3.058005637082808335e+02 3.271203570907356851e-03 3.271203570907356695e-01 1.147987221380137646e+00 2.295974442760275250e-02
6.548050454461138870e+00 2.154676227684706760e+02 3.139252189375067639e-03 3.139252189375067448e-01 1.146820517727882516e+00 2.293641035455765143e-02
6.566866691399245504e+00 1.839472338934199342e+02 3.015702986398822744e-03 3.015702986398822727e-01 1.145653165580047483e+00 2.291306331160095078e-02
6.585682928337352138e+00 2.069229529667017005e+02 2.900024993476223341e-03 2.900024993476223445e-01 1.144484056984423015e+00 2.288968113968846071e-02
6.604499165275458772e+00 2.481937586798094344e+02 2.791726174923304157e-03 2.791726174923304105e-01 1.143312088537177473e+00 2.286624177074355127e-02
6.623315402213565406e+00 3.033840460209122512e+02 2.690350646799297921e-03 2.690350646799297696e-01 1.142136161405154393e+00 2.284272322810308731e-02
6.642131639151672040e+00 2.129311489739924070e+02 2.595476112238319540e-03 2.595476112238319644e-01 1.140955181358764836e+00 2.281910362717529811e-02
6.660947876089779562e+00 1.836378982139948732e+02 2.506711497437022571e-03 2.506711497437022484e-01 1.139768058815392227e+00 2.279536117630784342e-02
6.679764113027886197e+00 1.654188675102569732e+02 2.423694773774484265e-03 2.423694773774484335e-01 1.138573708893231506e+00 2.277147417786462916e-02
6.698580349965992831e+00 1.620227085472239423e+02 2.346090952687215469e-03 2.346090952687215625e-01 1.137371051475482675e+00 2.274742102950965544e-02
6.717396586904099465e+00 1.461386657451833742e+02 2.273590240993758182e-03 2.273590240993758060e-01 1.136159011284815890e+00 2.272318022569631835e-02
6.736212823842206099e+00 1.367140387345243653e+02 2.205906345365485875e-03 2.205906345365485632e-01 1.134936517968023528e+00 2.269873035936047223e-02
6.755029060780312733e+00 1.316193531789474775e+02 2.142774915578585671e-03 2.142774915578585793e-01 1.133702506190771064e+00 2.267405012381542087e-02
6.773845297718419367e+00 1.281208800862459896e+02 2.083949870538593339e-03 2.083949870538593374e-01 1.132455970792654254e+00 2.264911941585308688e-02
6.792661534656526001e+00 1.199308905290698419e+02 2.029171842732021506e-03 2.029171842732021280e-01 1.131196734405835347e+00 2.262393468811670777e-02
6.811477771594632635e+00 1.354409467385270318e+02 1.978178395823058933e-03 1.978178395823058933e-01 1.129925253749024749e+00 2.259850507498049541e-02
6.830294008532739269e+00 1.193224617302029600e+02 1.930728613762231188e-03 1.930728613762231205e-01 1.128642000349110219e+00 2.257284000698220328e-02
6.849110245470846792e+00 1.110612890620719924e+02 1.886601807573575623e-03 1.886601807573575484e-01 1.127347444164058743e+00 2.254694888328117458e-02
6.867926482408953426e+00 1.073187531309657885e+02 1.845595734683181917e-03 1.845595734683181943e-01 1.126042053536897791e+00 2.252084107073795693e-02
6.886742719347060060e+00 1.007294353988794882e+02 1.807524994251954445e-03 1.807524994251954453e-01 1.124726295151613042e+00 2.249452590303226140e-02
6.905558956285166694e+00 1.142659928509858958e+02 1.772219579934483907e-03 1.772219579934483924e-01 1.123400633990957243e+00 2.246801267981914443e-02
6.924375193223273328e+00 9.762258223443014060e+01 1.739523573583201099e-03 1.739523573583200977e-01 1.122065533296157325e+00 2.244131066592314552e-02
6.943191430161379962e+00 1.126253350585191413e+02 1.709293965263525110e-03 1.709293965263525006e-01 1.120721454528515126e+00 2.241442909057030433e-02
6.962007667099486596e+00 1.074641125011750091e+02 1.681399586572957178e-03 1.681399586572957239e-01 1.119368857332887490e+00 2.238737714665775189e-02
6.980823904037593230e+00 1.128052310799159272e+02 1.655720145692361018e-03 1.655720145692360923e-01 1.118008199503037536e+00 2.236016399006075100e-02
6.999640140975699865e+00 1.249010392331552026e+02 1.632145353864880967e-03 1.632145353864880855e-01 1.116639936948846001e+00 2.233279873897691878e-02
7.018456377913806499e+00 1.121375200900138935e+02 1.610574134117747757e-03 1.610574134117747636e-01 1.115264523665371987e+00 2.230529047330744030e-02
7.037272614851914021e+00 1.099949111971262141e+02 1.590913904032620037e-03 1.590913904032620063e-01 1.113882411703749797e+00 2.227764823407499609e-02
7.056088851790020655e+00 9.373306416971799138e+01 1.573079925246847685e-03 1.573079925246847754e-01 1.112494051143914087e+00 2.224988102287828173e-02
7.074905088728127289e+00 8.898272407309949017e+01 1.556994713144817201e-03 1.556994713144817244e-01 1.111099890069135121e+00 2.222199780138270353e-02
7.093721325666233923e+00 9.488073189279165831e+01 1.542587500887321415e-03 1.542587500887321328e-01 1.109700374542358592e+00 2.219400749084717364e-02
7.112537562604340557e+00 9.539232581768628449e+01 1.529793752538122524e-03 1.529793752538122498e-01 1.108295948584332447e+00 2.216591897168665101e-02
7.131353799542447192e+00 8.551899259176273915e+01 1.518554720589746811e-03 1.518554720589746776e-01 1.106887054153509187e+00 2.213774108307018512e-02
7.150170036480553826e+00 8.473779030533503942e+01 1.508817043673017864e-03 1.508817043673017777e-01 1.105474131127711646e+00 2.210948262255423361e-02
7.168986273418660460e+00 8.456351709627840307e+01 1.500532380663982491e-03 1.500532380663982535e-01 1.104057617287547588e+00 2.208115234575095190e-02
7.187802510356767094e+00 8.033417783855252026e+01 1.493657077783797863e-03 1.493657077783797915e-01 1.102637948301559812e+00 2.205275896603119817e-02
7.206618747294873728e+00 7.702958603641721425e+01 1.488151865627316845e-03 1.488151865627316828e-01 1.101215557713098869e+00 2.202431115426197947e-02
7.225434984232981250e+00 7.584735883559832814e+01 1.483981583359200674e-03 1.483981583359200718e-01 1.099790876928903094e+00 2.199581753857806146e-02
7.244251221171087884e+00 8.190822770997769453e+01 1.481114927586646554e-03 1.481114927586646424e-01 1.098364335209374154e+00 2.196728670418748516e-02
7.263067458109194519e+00 7.391262208797793676e+01 1.479524223658854097e-03 1.479524223658854054e-01 1.096936359660531268e+00 2.193872719321062620e-02
7.281883695047301153e+00 7.365882010680304859e+01 1.479185217358484558e-03 1.479185217358484628e-01 1.095507375227631641e+00 2.191014750455263366e-02
7.300699931985407787e+00 7.092660823748714449e+01 1.480076885142353818e-03 1.480076885142353749e-01 1.094077804690443800e+00 2.188155609380887726e-02
7.319516168923514421e+00 6.913801105018666249e+01 1.482181261260014224e-03 1.482181261260014093e-01 1.092648068660156291e+00 2.185296137320312526e-02
7.338332405861621055e+00 8.321303334237212823e+01 1.485483280231972075e-03 1.485483280231972014e-01 1.091218585577910627e+00 2.182437171155821379e-02
7.357148642799727689e+00 7.330555159424926615e+01 1.489970633305908549e-03 1.489970633305908454e-01 1.089789771714942734e+00 2.179579543429885358e-02
7.375964879737834323e+00 7.032288698822513595e+01 1.495633637631293804e-03 1.495633637631293700e-01 1.088362041174316674e+00 2.176724082348633488e-02
7.394781116675940957e+00 6.787831552458457907e+01 1.502465117001645705e-03 1.502465117001645645e-01 1.086935805894241103e+00 2.173871611788482164e-02
7.413597353614047591e+00 6.615704844503079585e+01 1.510460293110772994e-03 1.510460293110773011e-01 1.085511475652948254e+00 2.171022951305896440e-02
7.432413590552155114e+00 6.475593514614925539e+01 1.519616686355894320e-03 1.519616686355894364e-01 1.084089458075125689e+00 2.168178916150251268e-02
7.451229827490261748e+00 7.165958798457268131e+01 1.529934025297544596e-03 1.529934025297544631e-01 1.082670158639884139e+00 2.165340317279768403e-02
7.470046064428368382e+00 6.684654997552367206e+01 1.541414163954690601e-03 1.541414163954690497e-01 1.081253980690247030e+00 2.162507961380493934e-02
7.488862301366475016e+00 7.101041359911141626e+01 1.554061006174264035e-03 1.554061006174264070e-01 1.079841325444150568e+00 2.159682650888301164e-02
7.507678538304581650e+00 6.805249010219215222e+01 1.567880436368158416e-03 1.567880436368158381e-01 1.078432592006935753e+00 2.156865184013871672e-02
7.526494775242688284e+00 8.427999146875534109e+01 1.582880255958303214e-03 1.582880255958303284e-01 1.077028177385323193e+00 2.154056354770646567e-02
7.545311012180794918e+00 6.827087595208116966e+01 1.599070124912312660e-03 1.599070124912312651e-01 1.075628476502852759e+00 2.151256953005705602e-02
7.564127249118901553e+00 1.231358399824084700e+02 1.616461507788910339e-03 1.616461507788910235e-01 1.074233882216778513e+00 2.148467764433557164e-02
7.582943486057008187e+00 8.422341850952605569e+01 1.635067623744423330e-03 1.635067623744423382e-01 1.072844785336401152e+00 2.145689570672802346e-02
7.601759722995114821e+00 8.163354066641603879e+01 1.654903399979425335e-03 1.654903399979425205e-01 1.071461574642829540e+00 2.142923149285659232e-02
7.620575959933222343e+00 7.681188508227128864e+01 1.675985428128580175e-03 1.675985428128580201e-01 1.070084636910153986e+00 2.140169273820307846e-02
7.639392196871328977e+00 7.159413558482329165e+01 1.698331923117202226e-03 1.698331923117202269e-01 1.068714356928021081e+00 2.137428713856042231e-02
7.658208433809435611e+00 7.368225533411464312e+01 1.721962684025307375e-03 1.721962684025307444e-01 1.067351117525597193e+00 2.134702235051194261e-02
7.677024670747542245e+00 6.959240124433867436e+01 1.746899056514323060e-03 1.746899056514323034e-01 1.065995299596906198e+00 2.131990599193812549e-02
7.695840907685648880e+00 6.626999479614222821e+01 1.773163896383328801e-03 1.773163896383328775e-01 1.064647282127533234e+00 2.129294564255066607e-02
7.714657144623755514e+00 7.335279748945762890e+01 1.800781533831123183e-03 1.800781533831123105e-01 1.063307442222678256e+00 2.126614884445356471e-02
7.733473381561862148e+00 7.980346485522406397e+01 1.829777738007530401e-03 1.829777738007530297e-01 1.061976155136552080e+00 2.123952310273104216e-02
7.752289618499968782e+00 6.947143743907236058e+01 1.860179681442712370e-03 1.860179681442712396e-01 1.060653794303099806e+00 2.121307588606199598e-02
7.771105855438075416e+00 6.974605225945927600e+01 1.892015903946650101e-03 1.892015903946649980e-01 1.059340731368044075e+00 2.118681462736088025e-02
7.789922092376182050e+00 6.943920778346803502e+01 1.925316275573065502e-03 1.925316275573065450e-01 1.058037336222233948e+00 2.116074672444467897e-02
7.808738329314289572e+00 6.623924404793409337e+01 1.960111958242514909e-03 1.960111958242514996e-01 1.056743977036294080e+00 2.113487954072588298e-02
7.827554566252396206e+00 6.331211411363809560e+01 1.996435365618924422e-03 1.996435365618924318e-01 1.055461020296558861e+00 2.110922040593117902e-02
7.846370803190502841e+00 7.050442174259278261e+01 2.034320120832198899e-03 2.034320120832198986e-01 1.054188830842284874e+00 2.108377661684569804e-02
7.865187040128609475e+00 6.144699398045152350e+01 2.073801011637128010e-03 2.073801011637128044e-01 1.052927771904134335e+00 2.105855543808268782e-02
7.884003277066716109e+00 7.303092520028798162e+01 2.114913942595806045e-03 2.114913942595805785e-01 1.051678205143914635e+00 2.103356410287829381e-02
7.902819514004822743e+00 6.270252478307073574e+01 2.157695883867191515e-03 2.157695883867191411e-01 1.050440490695573326e+00 2.100880981391146582e-02
7.921635750942929377e+00 7.462608735426854878e+01 2.202184816183713322e-03 2.202184816183713201e-01 1.049214987207433447e+00 2.098429974414866769e-02
7.940451987881036011e+00 6.579412738010485384e+01 2.248419671590812241e-03 2.248419671590812241e-01 1.048002051885667196e+00 2.096004103771334504e-02
7.959268224819142645e+00 8.431485943874022837e+01 2.296440269521614515e-03 2.296440269521614619e-01 1.046802040538996836e+00 2.093604081077993576e-02
7.978084461757249279e+00 7.002573926590433473e+01 2.346287247775296226e-03 2.346287247775296070e-01 1.045615307624618628e+00 2.091230615249237146e-02
7.996900698695356802e+00 6.393577504837584513e+01 2.398001987964782332e-03 2.398001987964782089e-01 1.044442206295342679e+00 2.088884412590685455e-02
8.015716935633463436e+00 6.469699440803910306e+01 2.451626534997019494e-03 2.451626534997019269e-01 1.043283088447942264e+00 2.086566176895884514e-02
8.034533172571569182e+00 6.095995709275661056e+01 2.507203510147789846e-03 2.507203510147789638e-01 1.042138304772708413e+00 2.084276609545416756e-02
8.053349409509676704e+00 5.892466330920529316e+01 2.564776017292760488e-03 2.564776017292760280e-01 1.041008204804205084e+00 2.082016409608410112e-02
8.072165646447782450e+00 5.744648545659149619e+01 2.624387541857665668e-03 2.624387541857665651e-01 1.039893136973219834e+00 2.079786273946439626e-02
8.090981883385889972e+00 5.625580791198240860e+01 2.686081842053545266e-03 2.686081842053545388e-01 1.038793448659905527e+00 2.077586897319811179e-02
8.109798120323997495e+00 6.005528588026444936e+01 2.749902831967516396e-03 2.749902831967516170e-01 1.037709486248113100e+00 2.075418972496226311e-02
8.128614357262103240e+00 6.061731821070086568e+01 2.815894456086824767e-03 2.815894456086824871e-01 1.036641595180908038e+00 2.073283190361815964e-02
8.147430594200210763e+00 7.003132997645695923e+01 2.884100554843236578e-03 2.884100554843236353e-01 1.035590120017272575e+00 2.071180240034545261e-02
8.166246831138316509e+00 5.704664224142721451e+01 2.954564720777027708e-03 2.954564720777027587e-01 1.034555404489990060e+00 2.069110808979980273e-02
8.185063068076424031e+00 5.510451008943631024e+01 3.027330144935407811e-03 3.027330144935407863e-01 1.033537791564709485e+00 2.067075583129418873e-02
8.203879305014529777e+00 5.713596340243726956e+01 3.102439453138434132e-03 3.102439453138434167e-01 1.032537623500192847e+00 2.065075247000385666e-02
8.222695541952637299e+00 5.432008844837954342e+01 3.179934531768281464e-03 3.179934531768281447e-01 1.031555241909742682e+00 2.063110483819485461e-02
8.241511778890743045e+00 5.304693989924205511e+01 3.259856342763536516e-03 3.259856342763536308e-01 1.030590987823811533e+00 2.061181975647623232e-02
8.260328015828850567e+00 5.683418600269048682e+01 3.342244727531221756e-03 3.342244727531221704e-01 1.029645201753795591e+00 2.059290403507591308e-02
8.279144252766956313e+00 5.618423159114803411e+01 3.427138199523944821e-03 3.427138199523944717e-01 1.028718223757012940e+00 2.057436447514025823e-02
8.297960489705063836e+00 5.377367727072784476e+01 3.514573725270045412e-03 3.514573725270045412e-01 1.027810393502870623e+00 2.055620787005741149e-02
8.316776726643171358e+00 5.327961057775224418e+01 3.604586493689388316e-03 3.604586493689388438e-01 1.026922050340222992e+00 2.053844100680446080e-02
8.335592963581277104e+00 5.184816563376976006e+01 3.697209673578445103e-03 3.697209673578444877e-01 1.026053533365926418e+00 2.052107066731852919e-02
8.354409200519384626e+00 5.162943049779637050e+01 3.792474159204581915e-03 3.792474159204581863e-01 1.025205181494592610e+00 2.050410362989185317e-02
8.373225437457490372e+00 5.055687751082353998e+01 3.890408304011603799e-03 3.890408304011603868e-01 1.024377333529550071e+00 2.048754667059100171e-02
8.392041674395597894e+00 5.274765927532101273e+01 3.991037642507602040e-03 3.991037642507601624e-01 1.023570328235014815e+00 2.047140656470029796e-02
8.410857911333703640e+00 5.004122537013900285e+01 4.094384600480484304e-03 4.094384600480484027e-01 1.022784504409482986e+00 2.045569008818965903e-02
8.429674148271811163e+00 5.308732988383577833e+01 4.200468193768606799e-03 4.200468193768606695e-01 1.022020200960345848e+00 2.044040401920691613e-02
8.448490385209916909e+00 5.207185203474654145e+01 4.309303715901441865e-03 4.309303715901441345e-01 1.021277756979743767e+00 2.042555513959487534e-02
8.467306622148024431e+00 5.008763952777781014e+01 4.420902415020553505e-03 4.420902415020553367e-01 1.020557511821660768e+00 2.041115023643321619e-02
8.486122859086131953e+00 4.885291259477536130e+01 4.535271160592302918e-03 4.535271160592302953e-01 1.019859805180274304e+00 2.039719610360548815e-02
8.504939096024237699e+00 6.875107104829204729e+01 4.652412100532220436e-03 4.652412100532220540e-01 1.019184977169569573e+00 2.038369954339139256e-02
8.523755332962345221e+00 5.717464923987515135e+01 4.772322309475706195e-03 4.772322309475706126e-01 1.018533368404227923e+00 2.037066736808455791e-02
8.542571569900450967e+00 6.019009972456342439e+01 4.894993429050926992e-03 4.894993429050926714e-01 1.017905320081806453e+00 2.035810640163612795e-02
8.561387806838558490e+00 5.022380027983819417e+01 5.020411301137416016e-03 5.020411301137416293e-01 1.017301174066215452e+00 2.034602348132430807e-02
8.580204043776664236e+00 5.247228102726239740e+01 5.148555595226656130e-03 5.148555595226655957e-01 1.016721272972515244e+00 2.033442545945030391e-02
8.599020280714771758e+00 4.890699767093619954e+01 5.279399431140145878e-03 5.279399431140145982e-01 1.016165960253038625e+00 2.032331920506077333e-02
8.617836517652877504e+00 4.914227779418131803e+01 5.412908998503030387e-03 5.412908998503029867e-01 1.015635580284863337e+00 2.031271160569726730e-02
8.636652754590985026e+00 4.754140115388542398e+01 5.549043174519924584e-03 5.549043174519924237e-01 1.015130478458645236e+00 2.030260956917290596e-02
8.655468991529090772e+00 4.778279820983261317e+01 5.687753141749661741e-03 5.687753141749661845e-01 1.014651001268831454e+00 2.029302002537662977e-02
8.674285228467198294e+00 4.656549343649894013e+01 5.828982007730179257e-03 5.828982007730179049e-01 1.014197496405273347e+00 2.028394992810546651e-02
8.693101465405305817e+00 4.867229607680325643e+01 5.972664428459165641e-03 5.972664428459165675e-01 1.013770312846256738e+00 2.027540625692513671e-02
8.711917702343411563e+00 4.644577171832057871e+01 6.118726237892485771e-03 6.118726237892485598e-01 1.013369800952971689e+00 2.026739601905943461e-02
8.730733939281519085e+00 4.556107889592168192e+01 6.267084085776840514e-03 6.267084085776840618e-01 1.012996312565441315e+00 2.025992625130882546e-02
8.749550176219624831e+00 4.492726647514778193e+01 6.417645086286029137e-03 6.417645086286029033e-01 1.012650201099934089e+00 2.025300402199868219e-02
8.768366413157732353e+00 5.375787071441643405e+01 6.570306480079712678e-03 6.570306480079712852e-01 1.012331821647881602e+00 2.024663643295763343e-02
8.787182650095838099e+00 4.754659271668509746e+01 6.724955312546971285e-03 6.724955312546970765e-01 1.012041531076327106e+00 2.024083062152654336e-02
8.805998887033945621e+00 4.832875605530143304e+01 6.881468131134795690e-03 6.881468131134795829e-01 1.011779688129929466e+00 2.023559376259858808e-02
8.824815123972051367e+00 1.923616969708210434e+02 7.039710704789123134e-03 7.039710704789122753e-01 1.011546653534550977e+00 2.023093307069101857e-02
8.843631360910158890e+00 6.984026255224289059e+01 7.199537768654327465e-03 7.199537768654327152e-01 1.011342790102455425e+00 2.022685580204910960e-02
8.862447597848264635e+00 5.928254067068540678e+01 7.360792797281253720e-03 7.360792797281253685e-01 1.011168462839145299e+00 2.022336925678290542e-02
8.881263834786372158e+00 5.475071451992214833e+01 7.523307809684412310e-03 7.523307809684411929e-01 1.011024039051868550e+00 2.022048078103737268e-02
8.900080071724479680e+00 5.475772259718115720e+01 7.686903209660913769e-03 7.686903209660913561e-01 1.010909888459827100e+00 2.021819776919654352e-02
8.918896308662585426e+00 5.211828390926877574e+01 7.851387664838123392e-03 7.851387664838123115e-01 1.010826383306118847e+00 2.021652766612237750e-02
8.937712545600692948e+00 4.995347518966558198e+01 8.016558027948109122e-03 8.016558027948109677e-01 1.010773898471444943e+00 2.021547796942890080e-02
8.956528782538798694e+00 5.016135068470845226e+01 8.182199303834895854e-03 8.182199303834895021e-01 1.010752811589621603e+00 2.021505623179243108e-02
8.975345019476906216e+00 4.813133446589706210e+01 8.348084665682703812e-03 8.348084665682703465e-01 1.010763503164929356e+00 2.021527006329858905e-02
8.994161256415011962e+00 5.007827913636140238e+01 8.513975523906015808e-03 8.513975523906015530e-01 1.010806356691337671e+00 2.021612713382675217e-02
9.012977493353119485e+00 5.580100807722035228e+01 8.679621651065042368e-03 8.679621651065041466e-01 1.010881758773646499e+00 2.021763517547292902e-02
9.031793730291225231e+00 4.875432755671879903e+01 8.844774321040674639e-03 8.844774321040673737e-01 1.010990043093042745e+00 2.021980086186085657e-02
9.050609967229332753e+00 4.714168805705553922e+01 9.009272089359062277e-03 9.009272089359062763e-01 1.011131131560973895e+00 2.022262263121947859e-02
9.069426204167440275e+00 5.159474061944222711e+01 9.172995150799303360e-03 9.172995150799303499e-01 1.011304763158676234e+00 2.022609526317352413e-02
9.088242441105546021e+00 7.901583846740172135e+01 9.335824438573135653e-03 9.335824438573135930e-01 1.011510678960756415e+00 2.023021357921512761e-02
9.107058678043653543e+00 1.518160448896651644e+02 9.497641617535952305e-03 9.497641617535951264e-01 1.011748622926885499e+00 2.023497245853771165e-02
9.125874914981759289e+00 1.100063334018569066e+02 9.658329273718301716e-03 9.658329273718301300e-01 1.012018341817270795e+00 2.024036683634541575e-02
9.144691151919866812e+00 8.971125697797029375e+01 9.817771101066189582e-03 9.817771101066189443e-01 1.012319585109248354e+00 2.024639170218496889e-02
9.163507388857972558e+00 8.141434879926742951e+01 9.975852084933494596e-03 9.975852084933494179e-01 1.012652104914962825e+00 2.025304209829925650e-02
9.182323625796080080e+00 1.083178137744964857e+02 1.013245868188627358e-02 1.013245868188627385e+00 1.013015655900117773e+00 2.026031311800235643e-02
9.201139862734185826e+00 8.937730225595285560e+01 1.028747899539442755e-02 1.028747899539442789e+00 1.013409995203762071e+00 2.026819990407524238e-02
9.219956099672293348e+00 7.698050727453582454e+01 1.044080294700523888e-02 1.044080294700523881e+00 1.013834882359094802e+00 2.027669764718189813e-02
9.238772336610399094e+00 7.644575325429732970e+01 1.059232244261141750e-02 1.059232244261141709e+00 1.014290079215258933e+00 2.028580158430517977e-02
9.257588573548506616e+00 8.091944278298642246e+01 1.074193153344760870e-02 1.074193153344760843e+00 1.014775349860105091e+00 2.029550699720210349e-02
9.276404810486614139e+00 6.751296339985213990e+01 1.088952657146943608e-02 1.088952657146943670e+00 1.015290460543899931e+00 2.030580921087800014e-02
9.295221047424719885e+00 6.449236675896248983e+01 1.103500635879211926e-02 1.103500635879211877e+00 1.015835179603957306e+00 2.031670359207914806e-02
9.314037284362827407e+00 6.558640487643114625e+01 1.117827229088790703e-02 1.117827229088790730e+00 1.016409277390172061e+00 2.032818554780344011e-02
9.332853521300933153e+00 6.205303771101881694e+01 1.131922849326510820e-02 1.131922849326510772e+00 1.017012526191433341e+00 2.034025052382866863e-02
9.351669758239040675e+00 5.927811817639466341e+01 1.145778195137577699e-02 1.145778195137577615e+00 1.017644700162900095e+00 2.035289400325800135e-02
9.370485995177146421e+00 5.745013966380988535e+01 1.159384263352284880e-02 1.159384263352284838e+00 1.018305575254115025e+00 2.036611150508230161e-02
9.389302232115253943e+00 5.598185375174534784e+01 1.172732360656300599e-02 1.172732360656300488e+00 1.018994929137943206e+00 2.037989858275886593e-02
9.408118469053359689e+00 8.105512945526447766e+01 1.185814114422556291e-02 1.185814114422556242e+00 1.019712541140310513e+00 2.039425082280621124e-02
9.426934705991467212e+00 5.580077162183473405e+01 1.198621482789351961e-02 1.198621482789351989e+00 1.020458192170729195e+00 2.040916384341458570e-02
9.445750942929574734e+00 5.720457970989738072e+01 1.211146763971709950e-02 1.211146763971709950e+00 1.021231664653590387e+00 2.042463329307180747e-02
9.464567179867680480e+00 5.546132604998992122e+01 1.223382604795567215e-02 1.223382604795567152e+00 1.022032742460206256e+00 2.044065484920412623e-02
9.483383416805788002e+00 5.296071424409067419e+01 1.235322008446825513e-02 1.235322008446825492e+00 1.022861210841587321e+00 2.045722421683174655e-02
9.502199653743893748e+00 5.173707471729293417e+01 1.246958341429711160e-02 1.246958341429711181e+00 1.023716856361937433e+00 2.047433712723874949e-02
9.521015890682001270e+00 5.185346825026501705e+01 1.258285339731352905e-02 1.258285339731352925e+00 1.024599466832850636e+00 2.049198933665701342e-02
9.539832127620107016e+00 5.041881535447421214e+01 1.269297114191766419e-02 1.269297114191766385e+00 1.025508831248197250e+00 2.051017662496394667e-02
9.558648364558214539e+00 5.065962505856919762e+01 1.279988155080812734e-02 1.279988155080812762e+00 1.026444739719681420e+00 2.052889479439362966e-02
9.577464601496320284e+00 5.096364784469410125e+01 1.290353335885875523e-02 1.290353335885875419e+00 1.027406983413059249e+00 2.054813966826118596e-02
9.596280838434427807e+00 5.029310818981855391e+01 1.300387916316227306e-02 1.300387916316227299e+00 1.028395354485001967e+00 2.056790708970003892e-02
9.615097075372533553e+00 4.983146665183812729e+01 1.310087544532107483e-02 1.310087544532107406e+00 1.029409646020591484e+00 2.058819292041183177e-02
9.633913312310641075e+00 5.027049748101919135e+01 1.319448258608596145e-02 1.319448258608596047e+00 1.030449651971437675e+00 2.060899303942875446e-02
9.652729549248748597e+00 5.505409767856112069e+01 1.328466487246253956e-02 1.328466487246253935e+00 1.031515167094401386e+00 2.063030334188802745e-02
9.671545786186854343e+00 5.274773947877554292e+01 1.337139049742381951e-02 1.337139049742381847e+00 1.032605986890914762e+00 2.065211973781829607e-02
9.690362023124961866e+00 5.027504823827994329e+01 1.345463155238470383e-02 1.345463155238470376e+00 1.033721907546887087e+00 2.067443815093774132e-02
9.709178260063067611e+00 4.917966743956719711e+01 1.353436401261055681e-02 1.353436401261055577e+00 1.034862725873184175e+00 2.069725451746368475e-02
9.727994497001175134e+00 6.219044041622473173e+01 1.361056771574768558e-02 1.361056771574768565e+00 1.036028239246671534e+00 2.072056478493343110e-02
9.746810733939280880e+00 5.489418499460501977e+01 1.368322633367763212e-02 1.368322633367763164e+00 1.037218245551811080e+00 2.074436491103622340e-02
9.765626970877388402e+00 5.645569909027716449e+01 1.375232733791085030e-02 1.375232733791085016e+00 1.038432543122802976e+00 2.076865086245606104e-02
9.784443207815494148e+00 5.024074664134212043e+01 1.381786195874720215e-02 1.381786195874720180e+00 1.039670930686261929e+00 2.079341861372523831e-02
9.803259444753601670e+00 4.860020102176429191e+01 1.387982513844223699e-02 1.387982513844223664e+00 1.040933207304419739e+00 2.081866414608839547e-02
9.822075681691707416e+00 4.936457297304307446e+01 1.393821547862788418e-02 1.393821547862788446e+00 1.042219172318846088e+00 2.084438344637692259e-02
9.840891918629814938e+00 5.528683373158256842e+01 1.399303518224547654e-02 1.399303518224547682e+00 1.043528625294679602e+00 2.087057250589359134e-02
9.859708155567922461e+00 5.204862374225810839e+01 1.404428999025654316e-02 1.404428999025654212e+00 1.044861365965360056e+00 2.089722731930720306e-02
9.878524392506028207e+00 5.612999125560194358e+01 1.409198911340381159e-02 1.409198911340381111e+00 1.046217194177857746e+00 2.092434388355715602e-02
9.897340629444135729e+00 6.278804243857269540e+01 1.413614515930047312e-02 1.413614515930047277e+00 1.047595909838390460e+00 2.095191819676781031e-02
9.916156866382241475e+00 5.900287900254473783e+01 1.417677405513019517e-02 1.417677405513019462e+00 1.048997312858620967e+00 2.097994625717241809e-02
9.934973103320348997e+00 5.201254913361004384e+01 1.421389496624432883e-02 1.421389496624432924e+00 1.050421203102333445e+00 2.100842406204666765e-02
9.953789340258454743e+00 5.013157425788960353e+01 1.424753021094488266e-02 1.424753021094488314e+00 1.051867380332577540e+00 2.103734760665154982e-02
9.972605577196562265e+00 4.807498178946976708e+01 1.427770517174381699e-02 1.427770517174381748e+00 1.053335644159278495e+00 2.106671288318557114e-02
9.991421814134668011e+00 4.686733727601676947e+01 1.430444820338952483e-02 1.430444820338952372e+00 1.054825793987307136e+00 2.109651587974614370e-02
1.001023805107277553e+01 4.652654387635777766e+01 1.432779053795126684e-02 1.432779053795126600e+00 1.056337628965004605e+00 2.112675257930009265e-02
1.002905428801088306e+01 5.090035017004496609e+01 1.434776618725103030e-02 1.434776618725102981e+00 1.057870947933159389e+00 2.115741895866318778e-02
1.004787052494898880e+01 4.985782105125636576e+01 1.436441184293029381e-02 1.436441184293029361e+00 1.059425549374429121e+00 2.118851098748858117e-02
1.006668676188709632e+01 4.610393822191245761e+01 1.437776677443629650e-02 1.437776677443629580e+00 1.061001231363208896e+00 2.122002462726417862e-02
1.008550299882520207e+01 4.651831718597046006e+01 1.438787272520881955e-02 1.438787272520881899e+00 1.062597791515937473e+00 2.125195583031875071e-02
1.010431923576330959e+01 4.478882552734250311e+01 1.439477380734413212e-02 1.439477380734413225e+00 1.064215026941841336e+00 2.128430053883682838e-02
1.012313547270141534e+01 4.397105052852272422e+01 1.439851639500769852e-02 1.439851639500769886e+00 1.065852734194114637e+00 2.131705468388229302e-02
1.014195170963952286e+01 4.544680063431675165e+01 1.439914901686160757e-02 1.439914901686160764e+00 1.067510709221529908e+00 2.135021418443059857e-02
1.016076794657762861e+01 4.392371823791655316e+01 1.439672224776640704e-02 1.439672224776640697e+00 1.069188747320481525e+00 2.138377494640963244e-02
1.017958418351573613e+01 4.313009351881144227e+01 1.439128860001020159e-02 1.439128860001020138e+00 1.070886643087455736e+00 2.141773286174911486e-02
1.019840042045384187e+01 5.148942627100326774e+01 1.438290241431060094e-02 1.438290241431060101e+00 1.072604190371930555e+00 2.145208380743861276e-02
1.021721665739194940e+01 5.038312397677704269e+01 1.437161975082728443e-02 1.437161975082728471e+00 1.074341182229701541e+00 2.148682364459402958e-02
1.023603289433005692e+01 4.874028306318815140e+01 1.435749828041479881e-02 1.435749828041479770e+00 1.076097410876633464e+00 2.152194821753266804e-02
1.025484913126816267e+01 4.945423863251769347e+01 1.434059717633667103e-02 1.434059717633667130e+00 1.077872667642837845e+00 2.155745335285675843e-02
1.027366536820627019e+01 4.683354498874641081e+01 1.432097700665302398e-02 1.432097700665302398e+00 1.079666742927277712e+00 2.159333485854555632e-02
1.029248160514437593e+01 4.455899142311911731e+01 1.429869962748476879e-02 1.429869962748476775e+00 1.081479426152796020e+00 2.162958852305591970e-02
1.031129784208248346e+01 4.348719666493379066e+01 1.427382807734805040e-02 1.427382807734804970e+00 1.083310505721573502e+00 2.166621011443146949e-02
1.033011407902058920e+01 4.630676040325553089e+01 1.424642647274308553e-02 1.424642647274308560e+00 1.085159768971010408e+00 2.170319537942020857e-02
1.034893031595869672e+01 4.284412368884635214e+01 1.421655990517178836e-02 1.421655990517178836e+00 1.087027002130042552e+00 2.174054004260085257e-02
1.036774655289680247e+01 5.832930354813263563e+01 1.418429433974873963e-02 1.418429433974873977e+00 1.088911990275880814e+00 2.177823980551761573e-02
1.038656278983490999e+01 4.386046887590931931e+01 1.414969651556023666e-02 1.414969651556023722e+00 1.090814517291189167e+00 2.181629034582378487e-02
1.040537902677301751e+01 4.489436913673056750e+01 1.411283384791610362e-02 1.411283384791610418e+00 1.092734365821691922e+00 2.185468731643383858e-02
1.042419526371112326e+01 4.239406634169503008e+01 1.407377433262907603e-02 1.407377433262907651e+00 1.094671317234220620e+00 2.189342634468441351e-02
1.044301150064923078e+01 4.151407598435719137e+01 1.403258645244666140e-02 1.403258645244666036e+00 1.096625151575198798e+00 2.193250303150397554e-02
1.046182773758733653e+01 4.090028801090586796e+01 1.398933908575051947e-02 1.398933908575051843e+00 1.098595647529567509e+00 2.197191295059135185e-02
1.048064397452544405e+01 4.040427942355378121e+01 1.394410141762862307e-02 1.394410141762862265e+00 1.100582582380159602e+00 2.201165164760319343e-02
1.049946021146354980e+01 4.288831830759700381e+01 1.389694285341593234e-02 1.389694285341593227e+00 1.102585731967518967e+00 2.205171463935037823e-02
1.051827644840165732e+01 4.010495934269831508e+01 1.384793293478964703e-02 1.384793293478964626e+00 1.104604870650175652e+00 2.209209741300351484e-02
1.053709268533976307e+01 3.955711582979179752e+01 1.379714125849602208e-02 1.379714125849602180e+00 1.106639771265373495e+00 2.213279542530747004e-02
1.055590892227787059e+01 4.485117216871176282e+01 1.374463739777637139e-02 1.374463739777637139e+00 1.108690205090263836e+00 2.217380410180527783e-02
1.057472515921597633e+01 4.031985499061465816e+01 1.369049082655123678e-02 1.369049082655123595e+00 1.110755941803559965e+00 2.221511883607120083e-02
1.059354139615408386e+01 3.944284034898723945e+01 1.363477084641274463e-02 1.363477084641274484e+00 1.112836749447664531e+00 2.225673498895329103e-02
1.061235763309219138e+01 4.164207220251955022e+01 1.357754651646700741e-02 1.357754651646700728e+00 1.114932394391271453e+00 2.229864788782542906e-02
1.063117387003029712e+01 3.954692263696320964e+01 1.351888658606015779e-02 1.351888658606015703e+00 1.117042641292448124e+00 2.234085282584896345e-02
1.064999010696840465e+01 5.625082131370118788e+01 1.345885943041366314e-02 1.345885943041366328e+00 1.119167253062206768e+00 2.238334506124413717e-02
1.066880634390651039e+01 4.105367358139956480e+01 1.339753298918720803e-02 1.339753298918720859e+00 1.121305990828562749e+00 2.242611981657125636e-02
1.068762258084461791e+01 3.967379386537593433e+01 1.333497470797985821e-02 1.333497470797985862e+00 1.123458613901097136e+00 2.246917227802194481e-02
1.070643881778272366e+01 3.959121381548544605e+01 1.327125148277351688e-02 1.327125148277351618e+00 1.125624879736018880e+00 2.251249759472037648e-02
1.072525505472083118e+01 3.873807569360354108e+01 1.320642960731587510e-02 1.320642960731587490e+00 1.127804543901743228e+00 2.255609087803486443e-02
1.074407129165893693e+01 5.561938861114116150e+01 1.314057472343383576e-02 1.314057472343383548e+00 1.129997360044983301e+00 2.259994720089966713e-02
1.076288752859704445e+01 3.983478010233424982e+01 1.307375177426220621e-02 1.307375177426220558e+00 1.132203079857372341e+00 2.264406159714744612e-02
1.078170376553515020e+01 4.803253830415422243e+01 1.300602496036712581e-02 1.300602496036712630e+00 1.134421453042612660e+00 2.268842906085225333e-02
1.080052000247325772e+01 4.662346049092114697e+01 1.293745769873791938e-02 1.293745769873791973e+00 1.136652227284171035e+00 2.273304454568341945e-02
1.081933623941136524e+01 4.051555960966505410e+01 1.286811258461652632e-02 1.286811258461652674e+00 1.138895148213517006e+00 2.277790296427033984e-02
1.083815247634947099e+01 3.990488873583581153e+01 1.279805135612855325e-02 1.279805135612855249e+00 1.141149959378919831e+00 2.282299918757839732e-02
1.085696871328757851e+01 5.289623605269046180e+01 1.272733486167597870e-02 1.272733486167597849e+00 1.143416402214810335e+00 2.286832804429620586e-02
1.087578495022568426e+01 5.163394497704409503e+01 1.265602303004740095e-02 1.265602303004740081e+00 1.145694216011712507e+00 2.291388432023425126e-02
1.089460118716379178e+01 4.540840575237460541e+01 1.258417484319795943e-02 1.258417484319795943e+00 1.147983137886760652e+00 2.295966275773521359e-02
1.091341742410189752e+01 4.530078805979962908e+01 1.251184831164782289e-02 1.251184831164782185e+00 1.150282902754802716e+00 2.300565805509605447e-02
1.093223366104000505e+01 4.569720424888664212e+01 1.243910045244494937e-02 1.243910045244494889e+00 1.152593243300107151e+00 2.305186486600214330e-02
1.095104989797811079e+01 4.951726055407318938e+01 1.236598726963523270e-02 1.236598726963523243e+00 1.154913889948674388e+00 2.309827779897348846e-02
1.096986613491621831e+01 4.454366914146855549e+01 1.229256373718042375e-02 1.229256373718042417e+00 1.157244570841171605e+00 2.314489141682343418e-02
1.098868237185432584e+01 4.253838239936948185e+01 1.221888378426242913e-02 1.221888378426242872e+00 1.159585011806489874e+00 2.319170023612979886e-02
1.100749860879243158e+01 4.127952956475407120e+01 1.214500028291026421e-02 1.214500028291026323e+00 1.161934936335943691e+00 2.323869872671887465e-02
1.102631484573053910e+01 4.035775890093142237e+01 1.207096503788473996e-02 1.207096503788473996e+00 1.164294065558117985e+00 2.328588131116236110e-02
1.104513108266864485e+01 3.962744526896228336e+01 1.199682877875442484e-02 1.199682877875442477e+00 1.166662118214369936e+00 2.333324236428739942e-02
1.106394731960675237e+01 4.556076887359338912e+01 1.192264115409524122e-02 1.192264115409524150e+00 1.169038810635004699e+00 2.338077621270009607e-02
1.108276355654485812e+01 4.180788018169516107e+01 1.184845072774552352e-02 1.184845072774552310e+00 1.171423856716126810e+00 2.342847713432253537e-02
1.110157979348296564e+01 4.115383840451990949e+01 1.177430497704740932e-02 1.177430497704740953e+00 1.173816967897183261e+00 2.347633935794366661e-02
1.112039603042107139e+01 4.675099033777365776e+01 1.170025029300545034e-02 1.170025029300544972e+00 1.176217853139207792e+00 2.352435706278415556e-02
1.113921226735917891e+01 3.971686195767985339e+01 1.162633198229271782e-02 1.162633198229271692e+00 1.178626218903778611e+00 2.357252437807557180e-02
1.115802850429728466e+01 3.884857124863682998e+01 1.155259427103525263e-02 1.155259427103525249e+00 1.181041769132696651e+00 2.362083538265393259e-02
1.117684474123539218e+01 4.230001187394559281e+01 1.147908031030554082e-02 1.147908031030554055e+00 1.183464205228403676e+00 2.366928410456807519e-02
1.119566097817349970e+01 3.961626607810158873e+01 1.140583218325624641e-02 1.140583218325624593e+00 1.185893226035143355e+00 2.371786452070286794e-02
1.121447721511160545e+01 3.953025477227127027e+01 1.133289091382637045e-02 1.133289091382637004e+00 1.188328527820882163e+00 2.376657055641764535e-02
1.123329345204971297e+01 4.928340535853655524e+01 1.126029647695211272e-02 1.126029647695211189e+00 1.190769804260002118e+00 2.381539608520004403e-02
1.125210968898781871e+01 4.109064307409116878e+01 1.118808781021650781e-02 1.118808781021650711e+00 1.193216746416773555e+00 2.386433492833547193e-02
1.127092592592592624e+01 3.941500522590361300e+01 1.111630282687213478e-02 1.111630282687213533e+00 1.195669042729625264e+00 2.391338085459250584e-02
